2 0.128125 0.4125 0.240625 0.32083333333333336
0 0.37109375 0.6489583333333333 0.2234375 0.29791666666666666
0 0.3765625 0.16666666666666666 0.25 0.3333333333333333
2 0.37578125 0.9052083333333333 0.2328125 0.3104166666666667
0 0.87421875 0.6364583333333333 0.2015625 0.26875
0 0.1125 0.6375 0.20625 0.275
2 0.38359375 0.396875 0.2171875 0.28958333333333336
0 0.625 0.4125 0.240625 0.32083333333333336
0 0.8796875 0.17291666666666666 0.259375 0.3458333333333333
2 0.8765625 0.9166666666666666 0.25 0.3333333333333333
1 0.628125 0.8802083333333334 0.178125 0.25625
1 0.8828125 0.390625 0.21875 0.27708333333333335
0 0.1046875 0.8791666666666667 0.19375 0.25833333333333336
0 0.61328125 0.14895833333333333 0.2234375 0.29791666666666666