1 0.3765625 0.9166666666666666 0.25 0.3333333333333333
1 0.84375 0.12916666666666668 0.178125 0.25416666666666665
0 0.8671875 0.6458333333333334 0.21875 0.2916666666666667
0 0.6296875 0.15625 0.23125 0.30833333333333335
1 0.375 0.14375 0.225 0.2875
0 0.63203125 0.6552083333333333 0.2296875 0.30625
0 0.12890625 0.17395833333333333 0.2578125 0.34375
0 0.87734375 0.4197916666666667 0.2546875 0.33958333333333335
0 0.13359375 0.428125 0.2640625 0.35208333333333336
0 0.62890625 0.421875 0.2546875 0.33958333333333335
0 0.62421875 0.9072916666666667 0.2359375 0.3145833333333333
2 0.12734375 0.921875 0.2546875 0.33958333333333335