2 0.8765625 0.6708333333333333 0.253125 0.3375
0 0.3734375 0.6645833333333333 0.246875 0.32916666666666666
1 0.128125 0.41770833333333335 0.253125 0.33125
2 0.62734375 0.4197916666666667 0.2515625 0.33541666666666664
0 0.3546875 0.3875 0.20625 0.275
0 0.61796875 0.146875 0.2203125 0.29375
0 0.88046875 0.384375 0.2015625 0.26875
0 0.1265625 0.16666666666666666 0.25 0.3333333333333333
2 0.62578125 0.9197916666666667 0.2515625 0.33541666666666664
0 0.13359375 0.9260416666666667 0.2640625 0.35208333333333336
1 0.8921875 0.8770833333333333 0.178125 0.25
0 0.36953125 0.9010416666666666 0.2265625 0.3020833333333333
2 0.6265625 0.6708333333333333 0.253125 0.3375
2 0.13046875 0.6760416666666667 0.2609375 0.34791666666666665