0 0.1296875 0.9083333333333333 0.234375 0.3125
0 0.628125 0.8916666666666667 0.2125 0.2833333333333333
2 0.378125 0.9208333333333333 0.25625 0.3416666666666667
0 0.6296875 0.6604166666666667 0.2375 0.31666666666666665
0 0.1234375 0.6604166666666667 0.2375 0.31666666666666665
1 0.37578125 0.6677083333333333 0.2515625 0.33541666666666664
2 0.125 0.3958333333333333 0.215625 0.2875
0 0.1265625 0.16666666666666666 0.246875 0.32916666666666666
2 0.6203125 0.40625 0.23125 0.30833333333333335
0 0.37265625 0.41354166666666664 0.2453125 0.32708333333333334
0 0.88046875 0.9239583333333333 0.2609375 0.34791666666666665
2 0.88125 0.1375 0.20625 0.275