1 0.36640625 0.884375 0.2109375 0.26875
0 0.621875 0.8916666666666667 0.2125 0.2833333333333333
0 0.8578125 0.39166666666666666 0.209375 0.2791666666666667
1 0.37734375 0.16875 0.2515625 0.3375
0 0.61796875 0.403125 0.2265625 0.3020833333333333
0 0.89609375 0.13645833333333332 0.2015625 0.26875
1 0.59609375 0.13125 0.1828125 0.25833333333333336
0 0.36953125 0.653125 0.2265625 0.3020833333333333
0 0.628125 0.6708333333333333 0.253125 0.3375
0 0.878125 0.66875 0.253125 0.3375
0 0.875 0.91875 0.25 0.3333333333333333
2 0.1328125 0.9270833333333334 0.2625 0.35
0 0.13125 0.4270833333333333 0.2625 0.35