2 0.11328125 0.6239583333333333 0.1859375 0.24791666666666667
0 0.37734375 0.16145833333333334 0.2421875 0.3229166666666667
1 0.8765625 0.9114583333333334 0.25 0.3229166666666667
0 0.65 0.6291666666666667 0.18125 0.24166666666666667
2 0.878125 0.66875 0.253125 0.3375
2 0.37109375 0.40520833333333334 0.2296875 0.30625
2 0.634375 0.40625 0.23125 0.30833333333333335
2 0.146875 0.8833333333333333 0.2 0.26666666666666666
0 0.37890625 0.671875 0.2546875 0.33958333333333335
0 0.35625 0.8895833333333333 0.20625 0.275
1 0.1140625 0.40729166666666666 0.225 0.3104166666666667