1 0.8765625 0.9177083333333333 0.253125 0.33541666666666664
2 0.62734375 0.16145833333333334 0.2390625 0.31875
0 0.87734375 0.3927083333333333 0.2109375 0.28125
0 0.1265625 0.91875 0.253125 0.3375
2 0.10703125 0.384375 0.1984375 0.26458333333333334
0 0.64296875 0.3802083333333333 0.1953125 0.2604166666666667
1 0.8640625 0.64375 0.221875 0.2833333333333333
0 0.628125 0.89375 0.2125 0.2833333333333333
2 0.371875 0.4125 0.240625 0.32083333333333336
0 0.37578125 0.6677083333333333 0.2515625 0.33541666666666664
2 0.12734375 0.671875 0.2546875 0.33958333333333335
0 0.3734375 0.9083333333333333 0.234375 0.3125
2 0.6109375 0.6479166666666667 0.221875 0.29583333333333334