1 0.1328125 0.14166666666666666 0.203125 0.2833333333333333
1 0.89609375 0.37916666666666665 0.1953125 0.24166666666666667
2 0.88046875 0.9239583333333333 0.2578125 0.34375
0 0.121875 0.9083333333333333 0.234375 0.3125
2 0.38515625 0.4010416666666667 0.2265625 0.3020833333333333
2 0.12890625 0.37604166666666666 0.1890625 0.2520833333333333
0 0.846875 0.6291666666666667 0.190625 0.25416666666666665
2 0.871875 0.15416666666666667 0.23125 0.30833333333333335
2 0.36484375 0.15104166666666666 0.2265625 0.3020833333333333
2 0.375 0.6645833333333333 0.24375 0.325
0 0.63125 0.175 0.259375 0.3458333333333333
2 0.6484375 0.8770833333333333 0.18125 0.24166666666666667