2 0.8953125 0.625 0.18125 0.24166666666666667
2 0.37890625 0.40520833333333334 0.2296875 0.30625
0 0.62578125 0.9135416666666667 0.2453125 0.32708333333333334
1 0.1515625 0.12083333333333333 0.1875 0.23333333333333334
0 0.6265625 0.16875 0.25 0.3333333333333333
0 0.13125 0.40208333333333335 0.225 0.3
0 0.11015625 0.6489583333333333 0.2203125 0.29375
2 0.37890625 0.921875 0.2578125 0.34375
0 0.8796875 0.14375 0.2125 0.2833333333333333
0 0.871875 0.41041666666666665 0.240625 0.32083333333333336
0 0.371875 0.16041666666666668 0.240625 0.32083333333333336