1 0.884375 0.6583333333333333 0.225 0.3125
0 0.63671875 0.153125 0.2265625 0.3020833333333333
1 0.878125 0.42083333333333334 0.253125 0.3375
1 0.37421875 0.9114583333333334 0.2453125 0.3229166666666667
1 0.1265625 0.4114583333333333 0.246875 0.3229166666666667
2 0.12109375 0.15729166666666666 0.2359375 0.3145833333333333
0 0.37734375 0.16145833333333334 0.2390625 0.31875
0 0.384375 0.3958333333333333 0.21875 0.2916666666666667
2 0.62734375 0.4197916666666667 0.2515625 0.33541666666666664
2 0.63203125 0.9260416666666667 0.2640625 0.35208333333333336
2 0.37578125 0.6697916666666667 0.2515625 0.33541666666666664
1 0.12578125 0.6666666666666666 0.2515625 0.3333333333333333