0 0.3625 0.8791666666666667 0.190625 0.25416666666666665
2 0.12734375 0.6697916666666667 0.2546875 0.33958333333333335
2 0.87890625 0.171875 0.2546875 0.33958333333333335
0 0.62890625 0.171875 0.2578125 0.34375
2 0.87734375 0.6697916666666667 0.2515625 0.33541666666666664
2 0.37421875 0.41770833333333335 0.2484375 0.33125
0 0.378125 0.17083333333333334 0.25625 0.3416666666666667
2 0.87265625 0.3885416666666667 0.2046875 0.27291666666666664
0 0.625 0.4166666666666667 0.25 0.3333333333333333
1 0.36484375 0.6447916666666667 0.2046875 0.28541666666666665
2 0.12265625 0.41354166666666664 0.2453125 0.32708333333333334
2 0.1453125 0.13541666666666666 0.2 0.26666666666666666
2 0.63359375 0.6760416666666667 0.2640625 0.35208333333333336
1 0.1359375 0.8958333333333334 0.225 0.2875