2 0.1328125 0.8791666666666667 0.178125 0.2375
2 0.12578125 0.159375 0.2359375 0.3145833333333333
2 0.37578125 0.16770833333333332 0.2515625 0.33541666666666664
2 0.87578125 0.159375 0.2359375 0.3145833333333333
2 0.63671875 0.37604166666666666 0.1859375 0.24791666666666667
2 0.37109375 0.40520833333333334 0.2328125 0.3104166666666667
0 0.8703125 0.4041666666666667 0.23125 0.30833333333333335
2 0.1390625 0.6291666666666667 0.190625 0.25416666666666665
0 0.14453125 0.37604166666666666 0.1828125 0.24375
0 0.628125 0.9208333333333333 0.253125 0.3375
2 0.39765625 0.6260416666666667 0.1859375 0.24791666666666667
0 0.87109375 0.9135416666666667 0.2421875 0.3229166666666667
1 0.62578125 0.15520833333333334 0.2234375 0.30625