0 0.62734375 0.171875 0.2546875 0.33958333333333335
2 0.63046875 0.421875 0.2578125 0.34375
2 0.6296875 0.925 0.259375 0.3458333333333333
2 0.8765625 0.41458333333333336 0.246875 0.32916666666666666
0 0.3703125 0.6541666666666667 0.23125 0.30833333333333335
2 0.1296875 0.6520833333333333 0.228125 0.30416666666666664
0 0.3546875 0.38958333333333334 0.20625 0.275
0 0.3734375 0.15625 0.234375 0.3125
2 0.39609375 0.8802083333333334 0.1921875 0.25625
2 0.128125 0.14583333333333334 0.21875 0.2916666666666667
0 0.1328125 0.90625 0.23125 0.30833333333333335
2 0.62265625 0.640625 0.2078125 0.27708333333333335