2 0.88125 0.4 0.225 0.3
2 0.38125 0.175 0.2625 0.35
0 0.8625 0.12916666666666668 0.190625 0.25416666666666665
1 0.125 0.6666666666666666 0.25 0.32916666666666666
2 0.8734375 0.9145833333333333 0.246875 0.32916666666666666
2 0.12890625 0.171875 0.2546875 0.33958333333333335
2 0.128125 0.42083333333333334 0.253125 0.3375
2 0.628125 0.41458333333333336 0.24375 0.325
0 0.88046875 0.6760416666666667 0.2609375 0.34791666666666665
0 0.12578125 0.9135416666666667 0.2453125 0.32708333333333334
2 0.37890625 0.909375 0.2359375 0.3145833333333333
0 0.37734375 0.6677083333333333 0.2515625 0.33541666666666664