1 0.12734375 0.4166666666666667 0.2515625 0.3333333333333333
0 0.86953125 0.628125 0.1921875 0.25625
0 0.1296875 0.8854166666666666 0.203125 0.2708333333333333
2 0.8796875 0.42083333333333334 0.25625 0.3416666666666667
0 0.87265625 0.165625 0.2453125 0.32708333333333334
2 0.63046875 0.6739583333333333 0.2609375 0.34791666666666665
2 0.87734375 0.9177083333333333 0.2515625 0.33541666666666664
0 0.6265625 0.9166666666666666 0.25 0.3333333333333333
0 0.37734375 0.921875 0.2546875 0.33958333333333335
2 0.36796875 0.15520833333333334 0.2296875 0.30625
0 0.121875 0.16041666666666668 0.240625 0.32083333333333336
1 0.6328125 0.15729166666666666 0.225 0.3104166666666667