0 0.628125 0.1625 0.240625 0.32083333333333336
0 0.37890625 0.6697916666666667 0.2546875 0.33958333333333335
2 0.10859375 0.890625 0.2078125 0.27708333333333335
2 0.11875 0.6291666666666667 0.190625 0.25416666666666665
0 0.62578125 0.40729166666666666 0.2328125 0.3104166666666667
2 0.884375 0.90625 0.23125 0.30833333333333335
0 0.36796875 0.9072916666666667 0.2328125 0.3104166666666667
0 0.88203125 0.6739583333333333 0.2609375 0.34791666666666665
1 0.859375 0.38645833333333335 0.215625 0.26875
0 0.63359375 0.9260416666666667 0.2640625 0.35208333333333336
0 0.36796875 0.13229166666666667 0.1984375 0.26458333333333334