2 0.634375 0.6541666666666667 0.23125 0.30833333333333335
2 0.628125 0.3854166666666667 0.203125 0.2708333333333333
0 0.61015625 0.13854166666666667 0.2046875 0.27291666666666664
2 0.37734375 0.6677083333333333 0.2515625 0.33541666666666664
0 0.11328125 0.39895833333333336 0.2234375 0.29791666666666666
0 0.36796875 0.14270833333333333 0.2140625 0.28541666666666665
0 0.12578125 0.6572916666666667 0.2328125 0.3104166666666667
2 0.63359375 0.928125 0.2640625 0.35208333333333336
1 0.125 0.9135416666666667 0.234375 0.3229166666666667
0 0.13359375 0.146875 0.2203125 0.29375
0 0.86796875 0.13645833333333332 0.2046875 0.27291666666666664
1 0.89921875 0.8875 0.1890625 0.2708333333333333
2 0.88203125 0.6739583333333333 0.2609375 0.34791666666666665
2 0.87890625 0.421875 0.2546875 0.33958333333333335