0 0.36015625 0.128125 0.1828125 0.24375
2 0.37734375 0.9197916666666667 0.2546875 0.33958333333333335
0 0.87421875 0.16770833333333332 0.2484375 0.33125
0 0.36875 0.37916666666666665 0.19375 0.25833333333333336
0 0.62890625 0.4197916666666667 0.2546875 0.33958333333333335
0 0.615625 0.8979166666666667 0.221875 0.29583333333333334
0 0.3765625 0.6708333333333333 0.253125 0.3375
1 0.1234375 0.16145833333333334 0.246875 0.3229166666666667
0 0.87578125 0.6697916666666667 0.2515625 0.33541666666666664
0 0.1296875 0.6729166666666667 0.25625 0.3416666666666667
1 0.12578125 0.91875 0.2484375 0.3333333333333333
0 0.8765625 0.41875 0.25 0.3333333333333333
0 0.628125 0.6708333333333333 0.253125 0.3375