1 0.87578125 0.8760416666666667 0.1890625 0.23958333333333334
0 0.3609375 0.8770833333333333 0.190625 0.25416666666666665
0 0.6546875 0.8770833333333333 0.1875 0.25
0 0.87734375 0.134375 0.2015625 0.26875
0 0.375 0.41875 0.25 0.3333333333333333
2 0.13125 0.8979166666666667 0.21875 0.2916666666666667
0 0.12734375 0.6697916666666667 0.2515625 0.33541666666666664
0 0.13125 0.4270833333333333 0.2625 0.35
0 0.38359375 0.6760416666666667 0.2640625 0.35208333333333336
0 0.378125 0.17291666666666666 0.25625 0.3416666666666667
0 0.63203125 0.17395833333333333 0.2609375 0.34791666666666665
0 0.8671875 0.4083333333333333 0.234375 0.3125