2 0.59609375 0.8760416666666667 0.1859375 0.24791666666666667
0 0.134375 0.65 0.221875 0.29583333333333334
0 0.62109375 0.6635416666666667 0.2421875 0.3229166666666667
0 0.63203125 0.14479166666666668 0.2140625 0.28541666666666665
0 0.87734375 0.665625 0.2453125 0.32708333333333334
2 0.375 0.6541666666666667 0.23125 0.30833333333333335
0 0.65078125 0.38229166666666664 0.1984375 0.26458333333333334
1 0.365625 0.15625 0.225 0.30833333333333335
2 0.13203125 0.9260416666666667 0.2640625 0.35208333333333336
0 0.8828125 0.925 0.2625 0.35
2 0.36953125 0.409375 0.2390625 0.31875
0 0.121875 0.15416666666666667 0.23125 0.30833333333333335