0 0.86015625 0.384375 0.1984375 0.26458333333333334
2 0.88203125 0.9260416666666667 0.2640625 0.35208333333333336
0 0.6234375 0.9166666666666666 0.246875 0.32916666666666666
0 0.1265625 0.1625 0.24375 0.325
2 0.6265625 0.4166666666666667 0.25 0.3333333333333333
0 0.3796875 0.14375 0.2125 0.2833333333333333
0 0.37890625 0.6739583333333333 0.2578125 0.34375
0 0.88046875 0.6760416666666667 0.2609375 0.34791666666666665
1 0.621875 0.153125 0.221875 0.30625
0 0.3796875 0.9229166666666667 0.25625 0.3416666666666667
2 0.12578125 0.9177083333333333 0.2515625 0.33541666666666664
2 0.13125 0.6729166666666667 0.259375 0.3458333333333333