0 0.878125 0.16875 0.253125 0.3375
0 0.12109375 0.909375 0.2390625 0.31875
0 0.878125 0.91875 0.253125 0.3375
2 0.1265625 0.66875 0.25 0.3333333333333333
0 0.37890625 0.6697916666666667 0.2546875 0.33958333333333335
1 0.8765625 0.4197916666666667 0.25 0.33541666666666664
0 0.62734375 0.9197916666666667 0.2515625 0.33541666666666664
1 0.865625 0.6416666666666667 0.203125 0.2833333333333333
0 0.12578125 0.41770833333333335 0.2484375 0.33125
1 0.36171875 0.134375 0.2109375 0.26875
2 0.6265625 0.6395833333333333 0.209375 0.2791666666666667