0 0.1234375 0.16666666666666666 0.246875 0.32916666666666666
2 0.8796875 0.42291666666666666 0.259375 0.3458333333333333
0 0.13046875 0.6489583333333333 0.2234375 0.29791666666666666
0 0.6328125 0.4270833333333333 0.2625 0.35
2 0.86953125 0.640625 0.2109375 0.28125
2 0.63125 0.64375 0.2125 0.2833333333333333
2 0.6265625 0.16666666666666666 0.25 0.3333333333333333
0 0.87265625 0.9052083333333333 0.2328125 0.3104166666666667
1 0.628125 0.9197916666666667 0.25625 0.33958333333333335
2 0.875 0.16041666666666668 0.2375 0.31666666666666665
2 0.37421875 0.909375 0.2390625 0.31875
2 0.36171875 0.13854166666666667 0.2046875 0.27291666666666664
1 0.10546875 0.88125 0.2078125 0.2625