0 0.8765625 0.4125 0.240625 0.32083333333333336
2 0.88046875 0.921875 0.2578125 0.34375
2 0.13046875 0.38229166666666664 0.1953125 0.2604166666666667
2 0.13203125 0.678125 0.2640625 0.35208333333333336
0 0.38984375 0.6385416666666667 0.2046875 0.27291666666666664
0 0.38359375 0.9260416666666667 0.2640625 0.35208333333333336
0 0.378125 0.42083333333333334 0.253125 0.3375
2 0.62890625 0.671875 0.2546875 0.33958333333333335
2 0.88203125 0.6760416666666667 0.2609375 0.34791666666666665
2 0.12421875 0.14479166666666668 0.2171875 0.28958333333333336
2 0.62265625 0.9114583333333334 0.2421875 0.3229166666666667
0 0.1234375 0.9104166666666667 0.2375 0.31666666666666665
0 0.6265625 0.41458333333333336 0.246875 0.32916666666666666
0 0.8671875 0.15416666666666667 0.23125 0.30833333333333335