0 0.6296875 0.8916666666666667 0.2125 0.2833333333333333
0 0.6265625 0.6708333333333333 0.253125 0.3375
0 0.653125 0.13125 0.19375 0.25833333333333336
0 0.1265625 0.16875 0.253125 0.3375
0 0.88984375 0.39895833333333336 0.2203125 0.29375
2 0.88203125 0.6552083333333333 0.2328125 0.3104166666666667
0 0.37890625 0.921875 0.2546875 0.33958333333333335
1 0.37421875 0.41875 0.2453125 0.3333333333333333
0 0.3765625 0.16875 0.253125 0.3375
2 0.87890625 0.9052083333333333 0.2328125 0.3104166666666667
2 0.1296875 0.9229166666666667 0.25625 0.3416666666666667
2 0.6265625 0.41458333333333336 0.24375 0.325
0 0.89296875 0.140625 0.2078125 0.27708333333333335
0 0.12890625 0.671875 0.2546875 0.33958333333333335
0 0.37109375 0.659375 0.2390625 0.31875
2 0.1328125 0.425 0.2625 0.35