2 0.63359375 0.6760416666666667 0.2640625 0.35208333333333336
0 0.87109375 0.15104166666666666 0.2265625 0.3020833333333333
0 0.1296875 0.17291666666666666 0.259375 0.3458333333333333
0 0.35546875 0.8864583333333333 0.2046875 0.27291666666666664
0 0.8765625 0.91875 0.253125 0.3375
1 0.6140625 0.8864583333333333 0.19375 0.27291666666666664
0 0.63671875 0.390625 0.2109375 0.28125
2 0.85703125 0.6364583333333333 0.2015625 0.26875
0 0.1234375 0.6666666666666666 0.246875 0.32916666666666666
1 0.3578125 0.1375 0.18125 0.225
0 0.38125 0.675 0.259375 0.3458333333333333
2 0.87734375 0.4197916666666667 0.2546875 0.33958333333333335
0 0.37265625 0.41354166666666664 0.2421875 0.3229166666666667