2 0.3734375 0.9166666666666666 0.246875 0.32916666666666666
0 0.89921875 0.878125 0.1921875 0.25625
2 0.37734375 0.671875 0.2546875 0.33958333333333335
2 0.63125 0.925 0.259375 0.3458333333333333
0 0.8828125 0.6479166666666667 0.21875 0.2916666666666667
2 0.13046875 0.17395833333333333 0.2609375 0.34791666666666665
2 0.6234375 0.6645833333333333 0.246875 0.32916666666666666
2 0.878125 0.41458333333333336 0.24375 0.325
0 0.12578125 0.665625 0.2484375 0.33125
0 0.378125 0.17291666666666666 0.25625 0.3416666666666667
0 0.88203125 0.17604166666666668 0.2609375 0.34791666666666665
2 0.11796875 0.40520833333333334 0.2296875 0.30625
0 0.62421875 0.159375 0.2390625 0.31875
0 0.1234375 0.9125 0.240625 0.32083333333333336