0 0.6 0.8854166666666666 0.2 0.26666666666666666
0 0.62734375 0.41770833333333335 0.2515625 0.33541666666666664
0 0.1265625 0.41875 0.253125 0.3375
0 0.1375 0.89375 0.2125 0.2833333333333333
2 0.3765625 0.42083333333333334 0.253125 0.3375
0 0.6328125 0.13333333333333333 0.2 0.26666666666666666
0 0.3734375 0.9020833333333333 0.228125 0.30416666666666664
0 0.14375 0.63125 0.196875 0.2625
2 0.8796875 0.42291666666666666 0.25625 0.3416666666666667
0 0.596875 0.6270833333333333 0.190625 0.25416666666666665
2 0.37578125 0.6614583333333334 0.2421875 0.3229166666666667
0 0.878125 0.17083333333333334 0.253125 0.3375
0 0.8796875 0.925 0.259375 0.3458333333333333
0 0.86484375 0.6489583333333333 0.2203125 0.29375
0 0.37578125 0.165625 0.2484375 0.33125
0 0.11953125 0.16145833333333334 0.2390625 0.31875