2 0.875 0.66875 0.25 0.3333333333333333
2 0.63359375 0.6760416666666667 0.2640625 0.35208333333333336
0 0.625 0.40208333333333335 0.225 0.3
2 0.3765625 0.41875 0.253125 0.3375
1 0.375 0.915625 0.24375 0.33125
2 0.11796875 0.6510416666666666 0.2234375 0.29791666666666666
1 0.63984375 0.121875 0.1890625 0.23958333333333334
1 0.3765625 0.16979166666666667 0.253125 0.33541666666666664
0 0.86171875 0.8989583333333333 0.2234375 0.29791666666666666
0 0.12109375 0.15520833333333334 0.2328125 0.3104166666666667
1 0.87578125 0.42083333333333334 0.2515625 0.3375
2 0.875 0.15416666666666667 0.228125 0.30416666666666664