0 0.13515625 0.8822916666666667 0.1984375 0.26458333333333334
2 0.1296875 0.17291666666666666 0.25625 0.3416666666666667
0 0.6234375 0.13125 0.196875 0.2625
0 0.37890625 0.6697916666666667 0.2546875 0.33958333333333335
0 0.37734375 0.16770833333333332 0.2515625 0.33541666666666664
1 0.8859375 0.13645833333333332 0.2125 0.26875
0 0.86328125 0.4010416666666667 0.2265625 0.3020833333333333
2 0.86015625 0.6385416666666667 0.2046875 0.27291666666666664
0 0.6203125 0.8958333333333334 0.21875 0.2916666666666667
0 0.375 0.8854166666666666 0.203125 0.2708333333333333
2 0.12734375 0.4197916666666667 0.2546875 0.33958333333333335