0 0.875 0.6666666666666666 0.25 0.3333333333333333
0 0.87265625 0.13645833333333332 0.2046875 0.27291666666666664
2 0.37734375 0.171875 0.2546875 0.33958333333333335
0 0.62578125 0.6489583333333333 0.2203125 0.29375
2 0.62421875 0.165625 0.2453125 0.32708333333333334
2 0.1234375 0.9145833333333333 0.24375 0.325
1 0.64375 0.8822916666666667 0.20625 0.2604166666666667
0 0.38046875 0.9239583333333333 0.2609375 0.34791666666666665
2 0.8515625 0.3770833333333333 0.190625 0.25416666666666665
2 0.1234375 0.15416666666666667 0.23125 0.30833333333333335
0 0.871875 0.90625 0.234375 0.3125