2 0.64375 0.12708333333333333 0.190625 0.25416666666666665
2 0.61171875 0.3802083333333333 0.1921875 0.25625
2 0.375 0.9145833333333333 0.246875 0.32916666666666666
0 0.86328125 0.8885416666666667 0.2046875 0.27291666666666664
0 0.63046875 0.6760416666666667 0.2609375 0.34791666666666665
1 0.89453125 0.384375 0.1859375 0.26458333333333334
0 0.12109375 0.159375 0.2390625 0.31875
0 0.378125 0.6708333333333333 0.253125 0.3375
2 0.1296875 0.42291666666666666 0.259375 0.3458333333333333
2 0.61328125 0.903125 0.2265625 0.3020833333333333
0 0.87734375 0.6697916666666667 0.2515625 0.33541666666666664
0 0.371875 0.125 0.178125 0.2375
0 0.11484375 0.6489583333333333 0.2203125 0.29375