2 0.375 0.9145833333333333 0.246875 0.32916666666666666
2 0.128125 0.42083333333333334 0.253125 0.3375
0 0.871875 0.4125 0.24375 0.325
2 0.37890625 0.6614583333333334 0.2390625 0.31875
0 0.13984375 0.13854166666666667 0.2078125 0.27708333333333335
0 0.62109375 0.8802083333333334 0.1953125 0.2604166666666667
1 0.11640625 0.9020833333333333 0.2328125 0.3
0 0.37734375 0.4197916666666667 0.2515625 0.33541666666666664
1 0.36796875 0.15520833333333334 0.2359375 0.30625
0 0.60234375 0.384375 0.1984375 0.26458333333333334
2 0.1375 0.6520833333333333 0.225 0.3
0 0.6296875 0.1625 0.240625 0.32083333333333336
1 0.87734375 0.6697916666666667 0.2546875 0.33958333333333335
0 0.88046875 0.9114583333333334 0.2390625 0.31875