0 0.38046875 0.384375 0.1984375 0.26458333333333334
0 0.1 0.12708333333333333 0.184375 0.24583333333333332
1 0.62578125 0.91875 0.2515625 0.3375
0 0.378125 0.6729166666666667 0.25625 0.3416666666666667
2 0.37578125 0.165625 0.2484375 0.33125
0 0.13984375 0.8927083333333333 0.2109375 0.28125
0 0.378125 0.91875 0.253125 0.3375
1 0.85625 0.8916666666666667 0.2 0.2791666666666667
2 0.1234375 0.39791666666666664 0.221875 0.29583333333333334
0 0.8640625 0.6541666666666667 0.228125 0.30416666666666664
0 0.8765625 0.1375 0.20625 0.275