1 0.89453125 0.8947916666666667 0.2078125 0.28958333333333336
0 0.125 0.4166666666666667 0.25 0.3333333333333333
0 0.871875 0.39166666666666666 0.209375 0.2791666666666667
0 0.63046875 0.17395833333333333 0.2609375 0.34791666666666665
0 0.12890625 0.16979166666666667 0.2546875 0.33958333333333335
1 0.3765625 0.659375 0.246875 0.31875
0 0.38046875 0.4239583333333333 0.2578125 0.34375
1 0.6203125 0.3854166666666667 0.2125 0.2708333333333333
0 0.62578125 0.6635416666666667 0.2453125 0.32708333333333334
2 0.10546875 0.890625 0.2078125 0.27708333333333335
0 0.12578125 0.6677083333333333 0.2515625 0.33541666666666664
0 0.39140625 0.8885416666666667 0.2078125 0.27708333333333335
0 0.6234375 0.9145833333333333 0.246875 0.32916666666666666