2 0.13203125 0.42604166666666665 0.2609375 0.34791666666666665
0 0.875 0.91875 0.25 0.3333333333333333
1 0.14765625 0.8760416666666667 0.1953125 0.24375
2 0.3765625 0.9145833333333333 0.24375 0.325
1 0.37734375 0.6708333333333333 0.2515625 0.3375
0 0.38203125 0.428125 0.2640625 0.35208333333333336
1 0.63828125 0.9041666666666667 0.2234375 0.30833333333333335
0 0.621875 0.4 0.225 0.3
0 0.62578125 0.6697916666666667 0.2515625 0.33541666666666664
1 0.36796875 0.159375 0.2359375 0.31875
2 0.12578125 0.6677083333333333 0.2515625 0.33541666666666664
0 0.85078125 0.384375 0.2015625 0.26875