0 0.859375 0.39166666666666666 0.209375 0.2791666666666667
0 0.86015625 0.646875 0.2203125 0.29375
0 0.625 0.6645833333333333 0.246875 0.32916666666666666
0 0.62578125 0.165625 0.2484375 0.33125
2 0.35546875 0.13854166666666667 0.2078125 0.27708333333333335
0 0.3734375 0.9166666666666666 0.246875 0.32916666666666666
2 0.34921875 0.6322916666666667 0.1984375 0.26458333333333334
2 0.87734375 0.9177083333333333 0.2515625 0.33541666666666664
2 0.625 0.4166666666666667 0.25 0.3333333333333333
0 0.8765625 0.16666666666666666 0.246875 0.32916666666666666
2 0.128125 0.42291666666666666 0.25625 0.3416666666666667