0 0.86015625 0.8927083333333333 0.2140625 0.28541666666666665
2 0.8828125 0.675 0.2625 0.35
2 0.109375 0.89375 0.215625 0.2875
0 0.625 0.9166666666666666 0.25 0.3333333333333333
2 0.603125 0.38125 0.196875 0.2625
2 0.62265625 0.16145833333333334 0.2421875 0.3229166666666667
0 0.37890625 0.41354166666666664 0.2421875 0.3229166666666667
2 0.38203125 0.15729166666666666 0.2328125 0.3104166666666667
2 0.3796875 0.6541666666666667 0.23125 0.30833333333333335
1 0.37734375 0.921875 0.2546875 0.33958333333333335
1 0.1234375 0.4166666666666667 0.246875 0.32916666666666666
0 0.87578125 0.41770833333333335 0.2515625 0.33541666666666664
1 0.6203125 0.6604166666666667 0.23125 0.31666666666666665
2 0.12734375 0.165625 0.2453125 0.32708333333333334
0 0.1265625 0.66875 0.253125 0.3375
2 0.87734375 0.16979166666666667 0.2515625 0.33541666666666664