0 0.12265625 0.146875 0.2171875 0.28958333333333336
0 0.378125 0.17083333333333334 0.25625 0.3416666666666667
2 0.12421875 0.915625 0.2484375 0.33125
2 0.62421875 0.659375 0.2359375 0.3145833333333333
2 0.86171875 0.6427083333333333 0.2140625 0.28541666666666665
1 0.125 0.66875 0.246875 0.3333333333333333
1 0.62734375 0.921875 0.2546875 0.33958333333333335
2 0.12109375 0.4114583333333333 0.2390625 0.31875
2 0.63046875 0.17395833333333333 0.2578125 0.34375
2 0.3765625 0.6708333333333333 0.253125 0.3375
2 0.628125 0.4083333333333333 0.234375 0.3125
2 0.3890625 0.89375 0.215625 0.2875