2 0.88359375 0.15104166666666666 0.2265625 0.3020833333333333
2 0.87578125 0.909375 0.2359375 0.3145833333333333
1 0.6265625 0.14895833333333333 0.209375 0.29375
0 0.375 0.4083333333333333 0.234375 0.3125
0 0.88203125 0.6760416666666667 0.2640625 0.35208333333333336
0 0.65 0.3770833333333333 0.184375 0.24583333333333332
0 0.6265625 0.66875 0.25 0.3333333333333333
2 0.37890625 0.9239583333333333 0.2578125 0.34375
2 0.125 0.4166666666666667 0.25 0.3333333333333333
1 0.871875 0.37604166666666666 0.16875 0.24375
0 0.121875 0.6229166666666667 0.184375 0.24583333333333332