2 0.62890625 0.421875 0.2578125 0.34375
2 0.88203125 0.6572916666666667 0.2328125 0.3104166666666667
0 0.865625 0.3854166666666667 0.2 0.26666666666666666
2 0.87734375 0.890625 0.2109375 0.28125
2 0.628125 0.17083333333333334 0.253125 0.3375
2 0.12734375 0.6635416666666667 0.2453125 0.32708333333333334
0 0.625 0.66875 0.25 0.3333333333333333
1 0.378125 0.15625 0.240625 0.3125
2 0.125 0.9145833333333333 0.246875 0.32916666666666666
0 0.125 0.40625 0.23125 0.30833333333333335
0 0.8609375 0.12916666666666668 0.19375 0.25833333333333336