2 0.62578125 0.41770833333333335 0.2484375 0.33125
0 0.384375 0.65 0.221875 0.29583333333333334
0 0.87578125 0.16770833333333332 0.2484375 0.33125
2 0.37578125 0.16979166666666667 0.2515625 0.33541666666666664
0 0.8734375 0.41458333333333336 0.246875 0.32916666666666666
2 0.62890625 0.16979166666666667 0.2546875 0.33958333333333335
0 0.1234375 0.9145833333333333 0.24375 0.325
0 0.37890625 0.9239583333333333 0.2578125 0.34375
2 0.12421875 0.415625 0.2453125 0.32708333333333334
1 0.8765625 0.6677083333333333 0.25 0.33125
0 0.634375 0.6375 0.203125 0.2708333333333333
0 0.853125 0.8875 0.203125 0.2708333333333333
0 0.37734375 0.4197916666666667 0.2546875 0.33958333333333335
0 0.625 0.9166666666666666 0.246875 0.32916666666666666