2 0.6328125 0.17708333333333334 0.2625 0.35
2 0.88203125 0.678125 0.2640625 0.35208333333333336
2 0.87578125 0.165625 0.2453125 0.32708333333333334
1 0.3640625 0.6364583333333333 0.2125 0.26875
1 0.87578125 0.9177083333333333 0.2515625 0.33125
0 0.37734375 0.140625 0.2078125 0.27708333333333335
0 0.6234375 0.9125 0.24375 0.325
2 0.3765625 0.9104166666666667 0.2375 0.31666666666666665
0 0.6109375 0.3854166666666667 0.2 0.26666666666666666
0 0.13046875 0.38645833333333335 0.2046875 0.27291666666666664
1 0.86875 0.3770833333333333 0.2 0.25
1 0.128125 0.921875 0.25625 0.33958333333333335
1 0.1296875 0.14895833333333333 0.23125 0.29791666666666666