2 0.13125 0.6729166666666667 0.259375 0.3458333333333333
2 0.87578125 0.415625 0.2453125 0.32708333333333334
1 0.62109375 0.9145833333333333 0.2421875 0.32916666666666666
0 0.87265625 0.16354166666666667 0.2453125 0.32708333333333334
0 0.11796875 0.153125 0.2296875 0.30625
0 0.61015625 0.390625 0.2109375 0.28125
2 0.86484375 0.8927083333333333 0.2140625 0.28541666666666665
0 0.6390625 0.125 0.1875 0.25
0 0.3953125 0.13958333333333334 0.209375 0.2791666666666667
0 0.125 0.41458333333333336 0.246875 0.32916666666666666
0 0.128125 0.9229166666666667 0.25625 0.3416666666666667