0 0.62734375 0.4197916666666667 0.2546875 0.33958333333333335
0 0.36796875 0.40729166666666666 0.2328125 0.3104166666666667
0 0.13125 0.625 0.1875 0.25
0 0.13125 0.9104166666666667 0.2375 0.31666666666666665
2 0.1265625 0.17083333333333334 0.253125 0.3375
0 0.09453125 0.3697916666666667 0.1796875 0.23958333333333334
0 0.38046875 0.9260416666666667 0.2609375 0.34791666666666665
2 0.62734375 0.6677083333333333 0.2515625 0.33541666666666664
0 0.88828125 0.8947916666666667 0.2171875 0.28958333333333336
2 0.87734375 0.6677083333333333 0.2515625 0.33541666666666664
2 0.628125 0.16875 0.253125 0.3375
0 0.3875 0.6479166666666667 0.221875 0.29583333333333334
2 0.3765625 0.17083333333333334 0.253125 0.3375
1 0.88359375 0.3927083333333333 0.2234375 0.28541666666666665
1 0.6203125 0.8989583333333333 0.23125 0.29791666666666666