2 0.87890625 0.653125 0.2265625 0.3020833333333333
1 0.8984375 0.12395833333333334 0.19375 0.23958333333333334
0 0.63125 0.3958333333333333 0.21875 0.2916666666666667
2 0.62109375 0.6572916666666667 0.2359375 0.3145833333333333
0 0.12734375 0.37604166666666666 0.1890625 0.2520833333333333
2 0.88515625 0.903125 0.2265625 0.3020833333333333
1 0.35625 0.8927083333333333 0.203125 0.28541666666666665
1 0.1453125 0.6375 0.190625 0.2708333333333333
0 0.38984375 0.6385416666666667 0.2046875 0.27291666666666664
1 0.15625 0.884375 0.1875 0.26875
2 0.6359375 0.8770833333333333 0.1875 0.25