0 0.87421875 0.915625 0.2453125 0.32708333333333334
0 0.36484375 0.8739583333333333 0.1796875 0.23958333333333334
2 0.12578125 0.9177083333333333 0.2484375 0.33125
2 0.8734375 0.41458333333333336 0.246875 0.32916666666666666
0 0.38359375 0.39895833333333336 0.2203125 0.29375
0 0.63203125 0.178125 0.2640625 0.35208333333333336
2 0.628125 0.6708333333333333 0.253125 0.3375
2 0.8765625 0.16875 0.253125 0.3375
2 0.625 0.9166666666666666 0.25 0.3333333333333333
2 0.6125 0.4 0.225 0.3
1 0.125 0.159375 0.24375 0.3145833333333333
0 0.378125 0.16041666666666668 0.240625 0.32083333333333336