0 0.878125 0.15625 0.234375 0.3125
2 0.61484375 0.15104166666666666 0.2265625 0.3020833333333333
0 0.86953125 0.8864583333333333 0.2046875 0.27291666666666664
1 0.6265625 0.66875 0.25 0.3333333333333333
2 0.36796875 0.9052083333333333 0.2328125 0.3104166666666667
1 0.87734375 0.6666666666666666 0.2453125 0.3333333333333333
2 0.1328125 0.425 0.2625 0.35
0 0.37421875 0.41770833333333335 0.2484375 0.33125
0 0.61328125 0.8927083333333333 0.2109375 0.28125
1 0.8625 0.390625 0.196875 0.28125
0 0.37578125 0.16770833333333332 0.2484375 0.33125
0 0.15703125 0.121875 0.1828125 0.24375