0 0.13828125 0.6489583333333333 0.2234375 0.29791666666666666
1 0.8515625 0.3802083333333333 0.19375 0.23958333333333334
0 0.38984375 0.6364583333333333 0.2046875 0.27291666666666664
0 0.87578125 0.9177083333333333 0.2515625 0.33541666666666664
2 0.37734375 0.4197916666666667 0.2546875 0.33958333333333335
0 0.62578125 0.915625 0.2484375 0.33125
2 0.61328125 0.6385416666666667 0.2078125 0.27708333333333335
1 0.10859375 0.3802083333333333 0.1828125 0.2604166666666667
2 0.63125 0.175 0.259375 0.3458333333333333
2 0.8796875 0.17291666666666666 0.25625 0.3416666666666667
2 0.88125 0.6770833333333334 0.2625 0.35
2 0.12421875 0.8989583333333333 0.2203125 0.29375
1 0.37578125 0.915625 0.2421875 0.32708333333333334