0 0.62734375 0.9072916666666667 0.2328125 0.3104166666666667
2 0.63984375 0.13645833333333332 0.2015625 0.26875
2 0.38046875 0.9239583333333333 0.2578125 0.34375
0 0.8828125 0.4270833333333333 0.2625 0.35
0 0.1265625 0.39791666666666664 0.221875 0.29583333333333334
2 0.38046875 0.16145833333333334 0.2390625 0.31875
0 0.1484375 0.8770833333333333 0.1875 0.25
1 0.12265625 0.13125 0.1859375 0.22916666666666666
2 0.37734375 0.415625 0.2453125 0.32708333333333334
1 0.871875 0.6552083333333333 0.240625 0.3104166666666667
0 0.8765625 0.9041666666666667 0.23125 0.30833333333333335
0 0.6265625 0.42083333333333334 0.253125 0.3375