1 0.6328125 0.15729166666666666 0.225 0.3104166666666667
0 0.13125 0.17708333333333334 0.2625 0.35
1 0.8953125 0.378125 0.203125 0.2520833333333333
0 0.87890625 0.909375 0.2359375 0.3145833333333333
2 0.36953125 0.3802083333333333 0.1921875 0.25625
2 0.3765625 0.65625 0.234375 0.3125
0 0.63046875 0.42604166666666665 0.2609375 0.34791666666666665
1 0.12578125 0.6583333333333333 0.2296875 0.31666666666666665
1 0.6265625 0.671875 0.253125 0.33958333333333335
0 0.1296875 0.9229166666666667 0.25625 0.3416666666666667
1 0.125 0.38125 0.1875 0.2375
0 0.9046875 0.125 0.184375 0.24583333333333332