0 0.621875 0.38333333333333336 0.2 0.26666666666666666
0 0.3765625 0.1625 0.240625 0.32083333333333336
2 0.1078125 0.8708333333333333 0.18125 0.24166666666666667
0 0.6328125 0.8791666666666667 0.190625 0.25416666666666665
2 0.88046875 0.409375 0.2390625 0.31875
2 0.3703125 0.65625 0.234375 0.3125
2 0.8625 0.9 0.225 0.3
0 0.87578125 0.16770833333333332 0.2515625 0.33541666666666664
2 0.884375 0.6333333333333333 0.196875 0.2625
2 0.12578125 0.16145833333333334 0.2421875 0.3229166666666667
0 0.13359375 0.3885416666666667 0.2046875 0.27291666666666664