0 0.60703125 0.8822916666666667 0.1953125 0.2604166666666667
2 0.12734375 0.15104166666666666 0.2234375 0.29791666666666666
2 0.88046875 0.9072916666666667 0.2359375 0.3145833333333333
0 0.38515625 0.14270833333333333 0.2140625 0.28541666666666665
0 0.85703125 0.6427083333333333 0.2109375 0.28125
0 0.61796875 0.403125 0.2265625 0.3020833333333333
1 0.6234375 0.159375 0.24375 0.31875
0 0.1453125 0.38958333333333334 0.20625 0.275
1 0.10859375 0.6447916666666667 0.2046875 0.28541666666666665
0 0.37734375 0.4197916666666667 0.2515625 0.33541666666666664
0 0.1171875 0.90625 0.23125 0.30833333333333335
0 0.878125 0.40208333333333335 0.225 0.3
0 0.87109375 0.13854166666666667 0.2078125 0.27708333333333335