0 0.87734375 0.41770833333333335 0.2515625 0.33541666666666664
0 0.37421875 0.165625 0.2453125 0.32708333333333334
0 0.65390625 0.37604166666666666 0.1890625 0.2520833333333333
1 0.871875 0.6572916666666667 0.240625 0.3145833333333333
0 0.61484375 0.8760416666666667 0.1765625 0.23541666666666666
0 0.35703125 0.8864583333333333 0.2015625 0.26875
2 0.8765625 0.16875 0.253125 0.3375
0 0.86484375 0.8927083333333333 0.2140625 0.28541666666666665
2 0.134375 0.90625 0.23125 0.30833333333333335
0 0.12734375 0.6697916666666667 0.2546875 0.33958333333333335
2 0.128125 0.3958333333333333 0.215625 0.2875
2 0.621875 0.6520833333333333 0.225 0.3
2 0.6328125 0.15 0.225 0.3
1 0.3640625 0.6489583333333333 0.209375 0.29375
2 0.1390625 0.12291666666666666 0.184375 0.24583333333333332