2 0.87578125 0.6635416666666667 0.2421875 0.3229166666666667
0 0.87734375 0.134375 0.2015625 0.26875
2 0.87734375 0.9177083333333333 0.2515625 0.33541666666666664
2 0.62734375 0.159375 0.2359375 0.3145833333333333
2 0.38046875 0.40520833333333334 0.2328125 0.3104166666666667
0 0.36328125 0.6322916666666667 0.1984375 0.26458333333333334
0 0.12421875 0.6635416666666667 0.2453125 0.32708333333333334
1 0.35859375 0.8989583333333333 0.2140625 0.29791666666666666
0 0.12578125 0.16770833333333332 0.2515625 0.33541666666666664
2 0.628125 0.6708333333333333 0.253125 0.3375
2 0.63203125 0.9260416666666667 0.2640625 0.35208333333333336
0 0.6265625 0.4166666666666667 0.246875 0.32916666666666666
0 0.12265625 0.9114583333333334 0.2390625 0.31875
1 0.3703125 0.16145833333333334 0.2375 0.3229166666666667
0 0.125 0.39791666666666664 0.221875 0.29583333333333334