1 0.11015625 0.8864583333333333 0.2140625 0.27291666666666664
2 0.62890625 0.421875 0.2546875 0.33958333333333335
0 0.89375 0.875 0.1875 0.25
0 0.86015625 0.14895833333333333 0.2203125 0.29375
0 0.13828125 0.6489583333333333 0.2234375 0.29791666666666666
0 0.8796875 0.42291666666666666 0.259375 0.3458333333333333
0 0.37421875 0.16770833333333332 0.2484375 0.33125
0 0.6078125 0.8895833333333333 0.20625 0.275
2 0.12890625 0.421875 0.2578125 0.34375
2 0.3796875 0.9208333333333333 0.25625 0.3416666666666667
1 0.87734375 0.6583333333333333 0.2453125 0.31666666666666665
2 0.63828125 0.12604166666666666 0.1828125 0.24375