0 0.62578125 0.9197916666666667 0.2515625 0.33541666666666664
1 0.38125 0.41354166666666664 0.2375 0.3229166666666667
1 0.615625 0.140625 0.21875 0.28125
2 0.12734375 0.4114583333333333 0.2390625 0.31875
0 0.86328125 0.378125 0.1890625 0.2520833333333333
2 0.89296875 0.14270833333333333 0.2140625 0.28541666666666665
1 0.390625 0.8947916666666667 0.203125 0.28541666666666665
0 0.12421875 0.915625 0.2484375 0.33125
1 0.62265625 0.41354166666666664 0.2453125 0.3229166666666667
1 0.6265625 0.6614583333333334 0.2375 0.3229166666666667
0 0.36171875 0.6322916666666667 0.1984375 0.26458333333333334
0 0.88984375 0.6260416666666667 0.1859375 0.24791666666666667