0 0.128125 0.42291666666666666 0.25625 0.3416666666666667
2 0.85859375 0.121875 0.1796875 0.23958333333333334
0 0.37421875 0.9010416666666666 0.2265625 0.3020833333333333
0 0.62734375 0.6697916666666667 0.2515625 0.33541666666666664
0 0.13984375 0.8927083333333333 0.2109375 0.28125
2 0.63203125 0.17604166666666668 0.2609375 0.34791666666666665
0 0.88515625 0.6260416666666667 0.1890625 0.2520833333333333
0 0.36796875 0.6572916666666667 0.2328125 0.3104166666666667
0 0.3828125 0.1375 0.20625 0.275
0 0.375 0.4083333333333333 0.2375 0.31666666666666665
1 0.890625 0.3927083333333333 0.2 0.28125
0 0.6296875 0.9229166666666667 0.25625 0.3416666666666667
2 0.62734375 0.4114583333333333 0.2421875 0.3229166666666667
1 0.1265625 0.16770833333333332 0.246875 0.33541666666666664
1 0.125 0.6635416666666667 0.25 0.32708333333333334