0 0.1234375 0.16458333333333333 0.246875 0.32916666666666666
0 0.87890625 0.16979166666666667 0.2546875 0.33958333333333335
0 0.6078125 0.89375 0.215625 0.2875
0 0.87578125 0.415625 0.2453125 0.32708333333333334
0 0.3734375 0.40208333333333335 0.225 0.3
0 0.87890625 0.6447916666666667 0.2140625 0.28541666666666665
2 0.1265625 0.9020833333333333 0.225 0.3
2 0.3890625 0.88125 0.19375 0.25833333333333336
1 0.62734375 0.15520833333333334 0.2359375 0.30625
0 0.64296875 0.3927083333333333 0.2140625 0.28541666666666665
2 0.37890625 0.659375 0.2390625 0.31875