2 0.37421875 0.9114583333333334 0.2390625 0.31875
0 0.87421875 0.665625 0.2453125 0.32708333333333334
0 0.128125 0.6708333333333333 0.25625 0.3416666666666667
0 0.37578125 0.41354166666666664 0.2421875 0.3229166666666667
2 0.384375 0.6541666666666667 0.23125 0.30833333333333335
2 0.875 0.15625 0.23125 0.30833333333333335
0 0.62734375 0.390625 0.2109375 0.28125
2 0.11171875 0.38645833333333335 0.2046875 0.27291666666666664
2 0.6140625 0.6270833333333333 0.190625 0.25416666666666665
2 0.1265625 0.9208333333333333 0.253125 0.3375
0 0.8796875 0.41041666666666665 0.240625 0.32083333333333336