1 0.396875 0.6270833333333333 0.203125 0.25416666666666665
1 0.63125 0.878125 0.203125 0.25625
0 0.8453125 0.3770833333333333 0.184375 0.24583333333333332
1 0.6078125 0.13854166666666667 0.19375 0.27708333333333335
0 0.62578125 0.415625 0.2453125 0.32708333333333334
1 0.628125 0.65625 0.240625 0.3125
2 0.103125 0.6375 0.20625 0.275
0 0.35859375 0.8927083333333333 0.2109375 0.28125
0 0.12421875 0.165625 0.2453125 0.32708333333333334
0 0.36328125 0.14479166666666668 0.2171875 0.28958333333333336
0 0.87734375 0.16979166666666667 0.2546875 0.33958333333333335