0 0.63046875 0.17395833333333333 0.2609375 0.34791666666666665
0 0.12890625 0.4239583333333333 0.2578125 0.34375
2 0.37578125 0.4197916666666667 0.2515625 0.33541666666666664
0 0.61015625 0.6447916666666667 0.2140625 0.28541666666666665
0 0.34453125 0.621875 0.1828125 0.24375
2 0.37421875 0.915625 0.2484375 0.33125
2 0.87734375 0.6697916666666667 0.2515625 0.33541666666666664
2 0.8828125 0.9270833333333334 0.2625 0.35
1 0.37578125 0.16875 0.2515625 0.3375
0 0.128125 0.16875 0.253125 0.3375
1 0.875 0.41041666666666665 0.24375 0.31666666666666665
2 0.6296875 0.425 0.259375 0.3458333333333333
0 0.13125 0.6583333333333333 0.234375 0.3125