2 0.62578125 0.41770833333333335 0.2515625 0.33541666666666664
0 0.87890625 0.171875 0.2546875 0.33958333333333335
0 0.86796875 0.653125 0.2296875 0.30625
2 0.62421875 0.915625 0.2484375 0.33125
2 0.37578125 0.165625 0.2453125 0.32708333333333334
0 0.3859375 0.88125 0.196875 0.2625
2 0.6140625 0.14166666666666666 0.2125 0.2833333333333333
1 0.36015625 0.378125 0.1859375 0.23541666666666666
0 0.128125 0.17083333333333334 0.253125 0.3375
2 0.88203125 0.9260416666666667 0.2640625 0.35208333333333336
1 0.12578125 0.665625 0.2484375 0.32708333333333334
2 0.628125 0.6708333333333333 0.253125 0.3375