0 0.8484375 0.8791666666666667 0.19375 0.25833333333333336
2 0.62890625 0.171875 0.2546875 0.33958333333333335
0 0.8921875 0.63125 0.196875 0.2625
0 0.11484375 0.8989583333333333 0.2203125 0.29375
2 0.8765625 0.41041666666666665 0.240625 0.32083333333333336
1 0.37265625 0.665625 0.2390625 0.32708333333333334
0 0.3796875 0.9083333333333333 0.2375 0.31666666666666665
2 0.61953125 0.40729166666666666 0.2328125 0.3104166666666667
0 0.61640625 0.903125 0.2265625 0.3020833333333333
0 0.390625 0.12708333333333333 0.1875 0.25
1 0.62890625 0.6572916666666667 0.2390625 0.3145833333333333