1 0.12890625 0.121875 0.1703125 0.24375
0 0.87578125 0.4010416666666667 0.2234375 0.29791666666666666
2 0.88359375 0.6552083333333333 0.2328125 0.3104166666666667
2 0.41015625 0.121875 0.1765625 0.23541666666666666
2 0.12265625 0.665625 0.2453125 0.32708333333333334
0 0.3890625 0.6458333333333334 0.215625 0.2875
1 0.63984375 0.3802083333333333 0.2046875 0.25625
0 0.63828125 0.6489583333333333 0.2234375 0.29791666666666666
2 0.87421875 0.909375 0.2359375 0.3145833333333333
0 0.63671875 0.12395833333333334 0.1859375 0.24791666666666667
1 0.37578125 0.91875 0.2515625 0.3375
2 0.62421875 0.9114583333333334 0.2421875 0.3229166666666667