2 0.61875 0.65625 0.234375 0.3125
2 0.375 0.66875 0.25 0.3333333333333333
1 0.15234375 0.6135416666666667 0.1828125 0.22708333333333333
0 0.62734375 0.421875 0.2546875 0.33958333333333335
0 0.615625 0.15208333333333332 0.225 0.3
2 0.596875 0.8770833333333333 0.1875 0.25
0 0.8890625 0.6458333333333334 0.21875 0.2916666666666667
2 0.875 0.16875 0.25 0.3333333333333333
2 0.09140625 0.378125 0.1765625 0.23541666666666666
2 0.3984375 0.13333333333333333 0.2 0.26666666666666666
1 0.875 0.915625 0.25 0.33125
2 0.13671875 0.903125 0.2265625 0.3020833333333333
0 0.3625 0.375 0.1875 0.25