0 0.128125 0.17083333333333334 0.25625 0.3416666666666667
0 0.634375 0.89375 0.2125 0.2833333333333333
1 0.12578125 0.4166666666666667 0.2515625 0.32916666666666666
2 0.86796875 0.9052083333333333 0.2296875 0.30625
0 0.63203125 0.628125 0.1921875 0.25625
0 0.3671875 0.8729166666666667 0.18125 0.24166666666666667
2 0.1328125 0.65625 0.23125 0.30833333333333335
1 0.896875 0.3854166666666667 0.1875 0.26666666666666666
1 0.36796875 0.3885416666666667 0.2140625 0.27291666666666664
2 0.628125 0.42291666666666666 0.25625 0.3416666666666667
1 0.878125 0.15 0.2125 0.29583333333333334
0 0.88359375 0.6760416666666667 0.2640625 0.35208333333333336
0 0.13125 0.9270833333333334 0.2625 0.35