2 0.87421875 0.915625 0.2484375 0.33125
2 0.6234375 0.4166666666666667 0.246875 0.32916666666666666
2 0.13203125 0.42604166666666665 0.2640625 0.35208333333333336
1 0.3703125 0.1625 0.2375 0.325
1 0.8859375 0.146875 0.209375 0.29375
0 0.63203125 0.17604166666666668 0.2609375 0.34791666666666665
0 0.3671875 0.9020833333333333 0.225 0.3
2 0.38515625 0.653125 0.2296875 0.30625
2 0.1265625 0.91875 0.253125 0.3375
0 0.63359375 0.8927083333333333 0.2140625 0.28541666666666665
1 0.1046875 0.634375 0.184375 0.26458333333333334
0 0.3765625 0.4125 0.24375 0.325