0 0.12890625 0.41354166666666664 0.2421875 0.3229166666666667
0 0.61875 0.14375 0.215625 0.2875
2 0.37578125 0.4010416666666667 0.2234375 0.29791666666666666
2 0.871875 0.9145833333333333 0.24375 0.325
1 0.13671875 0.8864583333333333 0.1921875 0.27291666666666664
1 0.87578125 0.16666666666666666 0.2484375 0.3333333333333333
2 0.3609375 0.6416666666666667 0.2125 0.2833333333333333
2 0.63671875 0.4010416666666667 0.2234375 0.29791666666666666
0 0.88359375 0.428125 0.2640625 0.35208333333333336
2 0.859375 0.6270833333333333 0.190625 0.25416666666666665
2 0.13203125 0.6572916666666667 0.2328125 0.3104166666666667
2 0.39140625 0.134375 0.1984375 0.26458333333333334
0 0.375 0.90625 0.234375 0.3125