2 0.38203125 0.17604166666666668 0.2640625 0.35208333333333336
2 0.62734375 0.171875 0.2546875 0.33958333333333335
0 0.1203125 0.14583333333333334 0.21875 0.2916666666666667
2 0.878125 0.89375 0.2125 0.2833333333333333
0 0.86640625 0.6510416666666666 0.2234375 0.29791666666666666
1 0.875 0.13854166666666667 0.21875 0.27708333333333335
2 0.1078125 0.6270833333333333 0.1875 0.25
0 0.625 0.9145833333333333 0.246875 0.32916666666666666
0 0.12734375 0.4197916666666667 0.2546875 0.33958333333333335
0 0.6296875 0.42083333333333334 0.25625 0.3416666666666667
0 0.12578125 0.9135416666666667 0.2421875 0.3229166666666667
0 0.38359375 0.9010416666666666 0.2265625 0.3020833333333333