0 0.62890625 0.421875 0.2546875 0.33958333333333335
0 0.1109375 0.6375 0.20625 0.275
0 0.1203125 0.41041666666666665 0.240625 0.32083333333333336
0 0.6265625 0.66875 0.25 0.3333333333333333
1 0.871875 0.915625 0.240625 0.32708333333333334
2 0.8625 0.14791666666666667 0.21875 0.2916666666666667
2 0.38125 0.12708333333333333 0.1875 0.25
0 0.88828125 0.3697916666666667 0.1796875 0.23958333333333334
2 0.875 0.65625 0.234375 0.3125
1 0.6265625 0.171875 0.253125 0.33958333333333335
2 0.35234375 0.8864583333333333 0.2015625 0.26875
1 0.6296875 0.9125 0.240625 0.325
0 0.378125 0.41875 0.253125 0.3375