0 0.88125 0.175 0.259375 0.3458333333333333
0 0.89921875 0.3697916666666667 0.1796875 0.23958333333333334
0 0.121875 0.6354166666666666 0.203125 0.2708333333333333
0 0.378125 0.17083333333333334 0.253125 0.3375
2 0.13359375 0.40729166666666666 0.2328125 0.3104166666666667
1 0.125 0.16770833333333332 0.25 0.33541666666666664
2 0.38515625 0.6302083333333334 0.1921875 0.25625
0 0.63046875 0.6322916666666667 0.1953125 0.2604166666666667
2 0.3671875 0.8729166666666667 0.184375 0.24583333333333332
0 0.1171875 0.8958333333333334 0.21875 0.2916666666666667
2 0.6140625 0.3958333333333333 0.21875 0.2916666666666667
0 0.63125 0.14791666666666667 0.21875 0.2916666666666667
2 0.37734375 0.4197916666666667 0.2515625 0.33541666666666664
1 0.6203125 0.9145833333333333 0.2375 0.325
2 0.86328125 0.8885416666666667 0.2046875 0.27291666666666664
2 0.8765625 0.6291666666666667 0.178125 0.2375