0 0.853125 0.12083333333333333 0.178125 0.2375
2 0.37578125 0.3885416666666667 0.2078125 0.27708333333333335
2 0.6203125 0.6520833333333333 0.228125 0.30416666666666664
0 0.12578125 0.41354166666666664 0.2453125 0.32708333333333334
2 0.38203125 0.6572916666666667 0.2328125 0.3104166666666667
0 0.88046875 0.4239583333333333 0.2578125 0.34375
0 0.89609375 0.878125 0.1921875 0.25625
0 0.609375 0.14375 0.215625 0.2875
2 0.128125 0.6708333333333333 0.25625 0.3416666666666667
0 0.1265625 0.8895833333333333 0.20625 0.275
0 0.37265625 0.8864583333333333 0.2015625 0.26875
2 0.13125 0.15416666666666667 0.23125 0.30833333333333335