0 0.37265625 0.16354166666666667 0.2453125 0.32708333333333334
2 0.85703125 0.6302083333333334 0.1921875 0.25625
2 0.37578125 0.6697916666666667 0.2515625 0.33541666666666664
0 0.37421875 0.909375 0.2359375 0.3145833333333333
1 0.884375 0.9010416666666666 0.21875 0.3020833333333333
2 0.625 0.6604166666666667 0.240625 0.32083333333333336
0 0.125 0.15416666666666667 0.228125 0.30416666666666664
1 0.1125 0.6541666666666667 0.21875 0.30416666666666664
0 0.128125 0.9208333333333333 0.25625 0.3416666666666667
2 0.61953125 0.9010416666666666 0.2234375 0.29791666666666666
0 0.62890625 0.171875 0.2578125 0.34375
0 0.62890625 0.4239583333333333 0.2578125 0.34375
1 0.88203125 0.4114583333333333 0.2328125 0.31875
0 0.87578125 0.16770833333333332 0.2515625 0.33541666666666664
2 0.10078125 0.37604166666666666 0.1859375 0.24791666666666667
1 0.3890625 0.39166666666666666 0.203125 0.2833333333333333