2 0.628125 0.6708333333333333 0.253125 0.3375
0 0.12109375 0.9072916666666667 0.2328125 0.3104166666666667
0 0.8765625 0.6708333333333333 0.253125 0.3375
0 0.63359375 0.4010416666666667 0.2265625 0.3020833333333333
0 0.378125 0.6541666666666667 0.228125 0.30416666666666664
0 0.87578125 0.15104166666666666 0.2265625 0.3020833333333333
0 0.35703125 0.384375 0.2015625 0.26875
2 0.3609375 0.8791666666666667 0.19375 0.25833333333333336
2 0.625 0.9166666666666666 0.25 0.3333333333333333
1 0.37109375 0.16354166666666667 0.2390625 0.32708333333333334
2 0.87890625 0.884375 0.1984375 0.26458333333333334
2 0.1265625 0.4125 0.240625 0.32083333333333336