0 0.13203125 0.17395833333333333 0.2609375 0.34791666666666665
0 0.1265625 0.41875 0.253125 0.3375
0 0.89609375 0.8760416666666667 0.1796875 0.23958333333333334
0 0.87578125 0.16354166666666667 0.2421875 0.3229166666666667
2 0.13203125 0.6739583333333333 0.2609375 0.34791666666666665
2 0.37734375 0.4197916666666667 0.2546875 0.33958333333333335
2 0.6265625 0.4125 0.240625 0.32083333333333336
0 0.61875 0.6583333333333333 0.234375 0.3125
0 0.87734375 0.6697916666666667 0.2515625 0.33541666666666664
1 0.61640625 0.8770833333333333 0.2015625 0.25
1 0.121875 0.8875 0.215625 0.275