0 0.63046875 0.6739583333333333 0.2609375 0.34791666666666665
2 0.875 0.41875 0.25 0.3333333333333333
2 0.625 0.91875 0.25 0.3333333333333333
2 0.3703125 0.4125 0.240625 0.32083333333333336
0 0.13515625 0.39479166666666665 0.2140625 0.28541666666666665
0 0.8671875 0.15416666666666667 0.23125 0.30833333333333335
0 0.134375 0.15208333333333332 0.228125 0.30416666666666664
2 0.63828125 0.378125 0.1921875 0.25625
0 0.3671875 0.14583333333333334 0.21875 0.2916666666666667
2 0.375 0.9083333333333333 0.2375 0.31666666666666665
0 0.63125 0.15625 0.23125 0.30833333333333335
2 0.8765625 0.6666666666666666 0.246875 0.32916666666666666
0 0.87890625 0.9239583333333333 0.2578125 0.34375
0 0.13125 0.6729166666666667 0.259375 0.3458333333333333
0 0.121875 0.9125 0.24375 0.325