1 0.61640625 0.146875 0.2234375 0.28958333333333336
0 0.38984375 0.6385416666666667 0.2078125 0.27708333333333335
1 0.87890625 0.9041666666666667 0.2390625 0.30833333333333335
2 0.121875 0.14583333333333334 0.21875 0.2916666666666667
1 0.37578125 0.39895833333333336 0.2296875 0.29375
1 0.884375 0.11979166666666667 0.190625 0.23541666666666666
2 0.37734375 0.16145833333333334 0.2390625 0.31875
0 0.12734375 0.6697916666666667 0.2546875 0.33958333333333335
0 0.13125 0.40625 0.234375 0.3125
2 0.375 0.9083333333333333 0.2375 0.31666666666666665
0 0.878125 0.6729166666666667 0.25625 0.3416666666666667
0 0.61953125 0.6552083333333333 0.2328125 0.3104166666666667
1 0.12734375 0.8989583333333333 0.2265625 0.29375