0 0.14375 0.88125 0.196875 0.2625
0 0.63125 0.925 0.2625 0.35
0 0.10390625 0.134375 0.1984375 0.26458333333333334
0 0.13671875 0.6510416666666666 0.2234375 0.29791666666666666
2 0.39140625 0.37604166666666666 0.1859375 0.24791666666666667
0 0.87109375 0.13229166666666667 0.1984375 0.26458333333333334
0 0.34921875 0.13229166666666667 0.1984375 0.26458333333333334
1 0.37265625 0.6677083333333333 0.2453125 0.33125
0 0.625 0.66875 0.25 0.3333333333333333
2 0.36171875 0.8802083333333334 0.1953125 0.2604166666666667
2 0.8796875 0.4125 0.240625 0.32083333333333336