0 0.86484375 0.4010416666666667 0.2234375 0.29791666666666666
2 0.1296875 0.9229166666666667 0.259375 0.3458333333333333
0 0.3765625 0.17083333333333334 0.253125 0.3375
0 0.08984375 0.628125 0.1765625 0.23541666666666666
2 0.396875 0.6333333333333333 0.196875 0.2625
0 0.8765625 0.6666666666666666 0.25 0.3333333333333333
1 0.6234375 0.875 0.175 0.25
2 0.88046875 0.9260416666666667 0.2609375 0.34791666666666665
1 0.85625 0.14895833333333333 0.2125 0.29791666666666666
0 0.3796875 0.42291666666666666 0.259375 0.3458333333333333
1 0.1328125 0.14375 0.20625 0.2875