2 0.875 0.16666666666666666 0.25 0.3333333333333333
1 0.134375 0.403125 0.215625 0.3020833333333333
0 0.87734375 0.6677083333333333 0.2515625 0.33541666666666664
0 0.3796875 0.175 0.259375 0.3458333333333333
0 0.62109375 0.8947916666666667 0.2140625 0.28541666666666665
1 0.62890625 0.671875 0.2546875 0.33958333333333335
0 0.86328125 0.878125 0.1921875 0.25625
0 0.37734375 0.6677083333333333 0.2515625 0.33541666666666664
2 0.37890625 0.921875 0.2578125 0.34375
2 0.87421875 0.415625 0.2484375 0.33125
0 0.13203125 0.17604166666666668 0.2609375 0.34791666666666665
0 0.6140625 0.1375 0.20625 0.275
2 0.1234375 0.65625 0.23125 0.30833333333333335
0 0.63046875 0.40520833333333334 0.2328125 0.3104166666666667
2 0.12890625 0.9197916666666667 0.2546875 0.33958333333333335