0 0.37421875 0.415625 0.2453125 0.32708333333333334
0 0.63515625 0.903125 0.2265625 0.3020833333333333
1 0.878125 0.41458333333333336 0.240625 0.325
0 0.1296875 0.8958333333333334 0.21875 0.2916666666666667
1 0.12421875 0.65625 0.2421875 0.3125
2 0.3734375 0.9145833333333333 0.246875 0.32916666666666666
0 0.88984375 0.8927083333333333 0.2140625 0.28541666666666665
0 0.13203125 0.428125 0.2640625 0.35208333333333336
1 0.6328125 0.6510416666666666 0.234375 0.29791666666666666
2 0.6203125 0.16041666666666668 0.2375 0.31666666666666665
2 0.13046875 0.17604166666666668 0.2609375 0.34791666666666665