2 0.62421875 0.6302083333333334 0.1921875 0.25625
0 0.125 0.9166666666666666 0.25 0.3333333333333333
2 0.37890625 0.6614583333333334 0.2390625 0.31875
0 0.4 0.12083333333333333 0.175 0.23333333333333334
0 0.125 0.6583333333333333 0.2375 0.31666666666666665
0 0.128125 0.41875 0.253125 0.3375
0 0.1265625 0.16875 0.253125 0.3375
0 0.89375 0.375 0.1875 0.25
0 0.878125 0.6729166666666667 0.25625 0.3416666666666667
1 0.37578125 0.9208333333333333 0.2515625 0.3375
1 0.6171875 0.3927083333333333 0.203125 0.28541666666666665
2 0.8953125 0.12708333333333333 0.1875 0.25
0 0.62890625 0.921875 0.2546875 0.33958333333333335
0 0.878125 0.90625 0.234375 0.3125