1 0.13125 0.9 0.215625 0.3
0 0.37734375 0.659375 0.2390625 0.31875
0 0.13203125 0.4239583333333333 0.2609375 0.34791666666666665
2 0.87421875 0.165625 0.2484375 0.33125
2 0.12734375 0.6614583333333334 0.2390625 0.31875
2 0.88125 0.9229166666666667 0.259375 0.3458333333333333
2 0.3765625 0.91875 0.25 0.3333333333333333
0 0.63828125 0.6489583333333333 0.2203125 0.29375
0 0.6265625 0.88125 0.196875 0.2625
2 0.11875 0.15416666666666667 0.23125 0.30833333333333335
2 0.37734375 0.16770833333333332 0.2515625 0.33541666666666664
2 0.63359375 0.37604166666666666 0.1890625 0.2520833333333333