2 0.6484375 0.12291666666666666 0.18125 0.24166666666666667
2 0.3671875 0.9083333333333333 0.234375 0.3125
0 0.13046875 0.896875 0.2171875 0.28958333333333336
0 0.8984375 0.12916666666666668 0.19375 0.25833333333333336
0 0.61640625 0.8802083333333334 0.1921875 0.25625
2 0.128125 0.41875 0.253125 0.3375
2 0.86171875 0.39479166666666665 0.2171875 0.28958333333333336
0 0.6265625 0.42083333333333334 0.253125 0.3375
0 0.37734375 0.40520833333333334 0.2328125 0.3104166666666667
2 0.87734375 0.921875 0.2546875 0.33958333333333335
1 0.125 0.165625 0.25 0.33125
0 0.36484375 0.653125 0.2265625 0.3020833333333333