0 0.62578125 0.16770833333333332 0.2515625 0.33541666666666664
1 0.87109375 0.16041666666666668 0.2296875 0.31666666666666665
0 0.12890625 0.159375 0.2390625 0.31875
0 0.88125 0.42291666666666666 0.259375 0.3458333333333333
1 0.128125 0.9177083333333333 0.253125 0.33541666666666664
1 0.62890625 0.921875 0.2546875 0.33958333333333335
2 0.628125 0.42083333333333334 0.253125 0.3375
0 0.11484375 0.6364583333333333 0.2046875 0.27291666666666664
0 0.89140625 0.640625 0.2078125 0.27708333333333335
1 0.375 0.6677083333333333 0.25 0.33125
1 0.86640625 0.8875 0.2171875 0.275
1 0.38125 0.9114583333333334 0.23125 0.31875
0 0.13359375 0.42604166666666665 0.2640625 0.35208333333333336
2 0.3765625 0.16666666666666666 0.246875 0.32916666666666666