0 0.628125 0.9145833333333333 0.24375 0.325
2 0.3734375 0.16458333333333333 0.246875 0.32916666666666666
2 0.3734375 0.4083333333333333 0.2375 0.31666666666666665
2 0.62734375 0.6552083333333333 0.2328125 0.3104166666666667
0 0.88203125 0.9260416666666667 0.2640625 0.35208333333333336
0 0.3703125 0.9104166666666667 0.240625 0.32083333333333336
0 0.3828125 0.6520833333333333 0.228125 0.30416666666666664
0 0.6265625 0.41458333333333336 0.246875 0.32916666666666666
0 0.625 0.16458333333333333 0.24375 0.325
1 0.1328125 0.90625 0.225 0.30833333333333335
2 0.11875 0.40208333333333335 0.225 0.3