0 0.65 0.37916666666666665 0.190625 0.25416666666666665
0 0.87578125 0.41354166666666664 0.2453125 0.32708333333333334
0 0.61875 0.1375 0.20625 0.275
1 0.375 0.6677083333333333 0.246875 0.33541666666666664
0 0.3796875 0.175 0.259375 0.3458333333333333
0 0.11640625 0.12395833333333334 0.1828125 0.24375
0 0.8765625 0.66875 0.25 0.3333333333333333
2 0.8828125 0.9041666666666667 0.228125 0.30416666666666664
0 0.625 0.6666666666666666 0.246875 0.32916666666666666
0 0.37109375 0.9010416666666666 0.2234375 0.29791666666666666
0 0.60859375 0.8822916666666667 0.1984375 0.26458333333333334
0 0.12109375 0.4114583333333333 0.2421875 0.3229166666666667
1 0.12578125 0.91875 0.2515625 0.3375
1 0.3828125 0.4041666666666667 0.234375 0.30416666666666664