2 0.8765625 0.4166666666666667 0.25 0.3333333333333333
2 0.86953125 0.6447916666666667 0.2140625 0.28541666666666665
0 0.1421875 0.38333333333333336 0.2 0.26666666666666666
2 0.1234375 0.9145833333333333 0.24375 0.325
2 0.3796875 0.9208333333333333 0.25625 0.3416666666666667
2 0.3796875 0.42083333333333334 0.25625 0.3416666666666667
1 0.3765625 0.159375 0.24375 0.31875
0 0.11796875 0.153125 0.2265625 0.3020833333333333
2 0.09765625 0.6322916666666667 0.1953125 0.2604166666666667
2 0.63984375 0.6239583333333333 0.1828125 0.24375
2 0.875 0.16666666666666666 0.25 0.3333333333333333
2 0.64609375 0.13020833333333334 0.1953125 0.2604166666666667