2 0.6328125 0.425 0.2625 0.35
0 0.628125 0.9125 0.24375 0.325
0 0.1359375 0.8958333333333334 0.21875 0.2916666666666667
0 0.6234375 0.6625 0.240625 0.32083333333333336
0 0.87578125 0.16979166666666667 0.2515625 0.33541666666666664
1 0.1234375 0.16458333333333333 0.240625 0.32916666666666666
1 0.378125 0.4041666666666667 0.225 0.30833333333333335
0 0.86953125 0.6364583333333333 0.2015625 0.26875
0 0.38203125 0.17604166666666668 0.2640625 0.35208333333333336
2 0.37265625 0.6614583333333334 0.2390625 0.31875
0 0.8765625 0.9104166666666667 0.2375 0.31666666666666665
0 0.1296875 0.42083333333333334 0.25625 0.3416666666666667
2 0.8640625 0.4041666666666667 0.228125 0.30416666666666664
0 0.61171875 0.14270833333333333 0.2109375 0.28125