0 0.59765625 0.378125 0.1828125 0.24375
0 0.86171875 0.13229166666666667 0.1984375 0.26458333333333334
2 0.1328125 0.65625 0.23125 0.30833333333333335
0 0.87578125 0.9177083333333333 0.2515625 0.33541666666666664
0 0.8671875 0.39375 0.215625 0.2875
2 0.12734375 0.16354166666666667 0.2421875 0.3229166666666667
0 0.39375 0.13958333333333334 0.20625 0.275
0 0.13125 0.90625 0.234375 0.3125
2 0.37734375 0.41770833333333335 0.2515625 0.33541666666666664
2 0.375 0.63125 0.196875 0.2625
0 0.38046875 0.9239583333333333 0.2609375 0.34791666666666665
0 0.1203125 0.4125 0.240625 0.32083333333333336