2 0.10546875 0.13854166666666667 0.2078125 0.27708333333333335
2 0.375 0.4166666666666667 0.246875 0.32916666666666666
2 0.63828125 0.3885416666666667 0.2046875 0.27291666666666664
0 0.62578125 0.16770833333333332 0.2484375 0.33125
2 0.13046875 0.6739583333333333 0.2609375 0.34791666666666665
0 0.13984375 0.8947916666666667 0.2171875 0.28958333333333336
0 0.64140625 0.8864583333333333 0.2046875 0.27291666666666664
0 0.3609375 0.8979166666666667 0.221875 0.29583333333333334
0 0.87734375 0.16979166666666667 0.2515625 0.33541666666666664
0 0.6515625 0.63125 0.196875 0.2625
0 0.87421875 0.4114583333333333 0.2390625 0.31875
2 0.89921875 0.628125 0.1921875 0.25625
1 0.125 0.42083333333333334 0.25 0.3375
1 0.38671875 0.15729166666666666 0.2265625 0.3104166666666667