2 0.87421875 0.165625 0.2453125 0.32708333333333334
0 0.36171875 0.4010416666666667 0.2234375 0.29791666666666666
1 0.62734375 0.40625 0.2421875 0.3125
0 0.89140625 0.634375 0.2015625 0.26875
0 0.63203125 0.6739583333333333 0.2609375 0.34791666666666665
0 0.1265625 0.6708333333333333 0.253125 0.3375
1 0.128125 0.415625 0.24375 0.33125
2 0.3890625 0.13958333333333334 0.20625 0.275
1 0.1265625 0.16666666666666666 0.246875 0.32916666666666666
1 0.621875 0.8833333333333333 0.184375 0.2625
2 0.8796875 0.40208333333333335 0.228125 0.30416666666666664