0 0.3765625 0.6604166666666667 0.2375 0.31666666666666665
0 0.86171875 0.6239583333333333 0.1859375 0.24791666666666667
0 0.371875 0.41041666666666665 0.240625 0.32083333333333336
0 0.1171875 0.4 0.225 0.3
0 0.13046875 0.6739583333333333 0.2578125 0.34375
0 0.61171875 0.38645833333333335 0.2046875 0.27291666666666664
2 0.61171875 0.8989583333333333 0.2234375 0.29791666666666666
0 0.878125 0.9104166666666667 0.2375 0.31666666666666665
0 0.61875 0.6354166666666666 0.203125 0.2708333333333333
0 0.12890625 0.9239583333333333 0.2578125 0.34375
2 0.87734375 0.15729166666666666 0.2328125 0.3104166666666667
2 0.12421875 0.16354166666666667 0.2421875 0.3229166666666667
0 0.38046875 0.159375 0.2359375 0.3145833333333333
2 0.628125 0.15625 0.23125 0.30833333333333335
2 0.87734375 0.41770833333333335 0.2515625 0.33541666666666664
0 0.39375 0.8833333333333333 0.196875 0.2625