0 0.88359375 0.896875 0.2203125 0.29375
0 0.371875 0.375 0.1875 0.25
1 0.35703125 0.12708333333333333 0.1703125 0.24583333333333332
0 0.625 0.91875 0.25 0.3333333333333333
2 0.40703125 0.8760416666666667 0.1859375 0.24791666666666667
1 0.88203125 0.3927083333333333 0.2203125 0.28125
0 0.6390625 0.6333333333333333 0.2 0.26666666666666666
1 0.10859375 0.878125 0.2015625 0.2520833333333333
2 0.13046875 0.6739583333333333 0.2609375 0.34791666666666665
1 0.87421875 0.16979166666666667 0.2484375 0.33541666666666664
1 0.86796875 0.6385416666666667 0.1921875 0.27291666666666664
2 0.37890625 0.6739583333333333 0.2578125 0.34375
0 0.12578125 0.4197916666666667 0.2515625 0.33541666666666664
0 0.625 0.41875 0.25 0.3333333333333333
0 0.62734375 0.16770833333333332 0.2515625 0.33541666666666664
0 0.13046875 0.17604166666666668 0.2609375 0.34791666666666665