0 0.11796875 0.6510416666666666 0.2265625 0.3020833333333333
0 0.11328125 0.13854166666666667 0.2078125 0.27708333333333335
0 0.13203125 0.40729166666666666 0.2328125 0.3104166666666667
0 0.3828125 0.6583333333333333 0.234375 0.3125
1 0.61015625 0.14791666666666667 0.2078125 0.2916666666666667
0 0.63125 0.6729166666666667 0.259375 0.3458333333333333
2 0.3859375 0.8958333333333334 0.21875 0.2916666666666667
0 0.8828125 0.39791666666666664 0.21875 0.2916666666666667
0 0.64140625 0.884375 0.1984375 0.26458333333333334
0 0.13203125 0.9260416666666667 0.2609375 0.34791666666666665
0 0.85703125 0.878125 0.1921875 0.25625
2 0.88203125 0.6572916666666667 0.2328125 0.3104166666666667
0 0.38359375 0.428125 0.2640625 0.35208333333333336
0 0.37890625 0.13854166666666667 0.2078125 0.27708333333333335
0 0.85859375 0.146875 0.2171875 0.28958333333333336