2 0.13515625 0.146875 0.2203125 0.29375
2 0.40625 0.12916666666666668 0.178125 0.2375
2 0.128125 0.4083333333333333 0.234375 0.3125
1 0.63125 0.396875 0.225 0.28958333333333336
1 0.621875 0.9104166666666667 0.23125 0.31666666666666665
0 0.39453125 0.378125 0.1828125 0.24375
0 0.88515625 0.646875 0.2171875 0.28958333333333336
2 0.62265625 0.15520833333333334 0.2328125 0.3104166666666667
0 0.878125 0.1375 0.203125 0.2708333333333333
0 0.103125 0.625 0.1875 0.25
2 0.8984375 0.3770833333333333 0.190625 0.25416666666666665
0 0.1171875 0.9041666666666667 0.23125 0.30833333333333335
1 0.63828125 0.65 0.2140625 0.3
0 0.87890625 0.9197916666666667 0.2546875 0.33958333333333335
1 0.3859375 0.6375 0.2125 0.2708333333333333