2 0.1234375 0.3958333333333333 0.215625 0.2875
0 0.88046875 0.628125 0.1921875 0.25625
1 0.1296875 0.8854166666666666 0.2125 0.2708333333333333
2 0.62265625 0.3802083333333333 0.1921875 0.25625
2 0.146875 0.125 0.1875 0.25
0 0.36953125 0.909375 0.2390625 0.31875
0 0.12890625 0.671875 0.2546875 0.33958333333333335
0 0.87734375 0.9197916666666667 0.2515625 0.33541666666666664
2 0.6171875 0.13958333333333334 0.209375 0.2791666666666667
0 0.62109375 0.909375 0.2390625 0.31875
0 0.375 0.16666666666666666 0.25 0.3333333333333333