2 0.10078125 0.128125 0.1890625 0.2520833333333333
0 0.8734375 0.1625 0.24375 0.325
0 0.37734375 0.8947916666666667 0.2140625 0.28541666666666665
2 0.87734375 0.421875 0.2546875 0.33958333333333335
2 0.3796875 0.17083333333333334 0.25625 0.3416666666666667
1 0.640625 0.128125 0.203125 0.25625
1 0.11875 0.6552083333333333 0.2375 0.30625
0 0.61171875 0.396875 0.2203125 0.29375
2 0.878125 0.66875 0.253125 0.3375
0 0.61875 0.9083333333333333 0.2375 0.31666666666666665
1 0.375 0.41458333333333336 0.25 0.32916666666666666