0 0.3765625 0.16875 0.25 0.3333333333333333
2 0.378125 0.66875 0.253125 0.3375
0 0.628125 0.42083333333333334 0.253125 0.3375
2 0.6109375 0.8979166666666667 0.221875 0.29583333333333334
1 0.6328125 0.16354166666666667 0.234375 0.3229166666666667
1 0.36640625 0.40729166666666666 0.2296875 0.3145833333333333
2 0.10546875 0.38645833333333335 0.2015625 0.26875
2 0.87890625 0.921875 0.2546875 0.33958333333333335
1 0.37734375 0.9177083333333333 0.2546875 0.33541666666666664
2 0.12578125 0.915625 0.2484375 0.33125
0 0.1234375 0.15 0.221875 0.29583333333333334
0 0.63125 0.6583333333333333 0.234375 0.3125