0 0.37578125 0.6697916666666667 0.2515625 0.33541666666666664
0 0.8765625 0.6708333333333333 0.253125 0.3375
0 0.1359375 0.6395833333333333 0.20625 0.275
2 0.625 0.16875 0.25 0.3333333333333333
0 0.11640625 0.39479166666666665 0.2171875 0.28958333333333336
2 0.87734375 0.9177083333333333 0.2515625 0.33541666666666664
0 0.63671875 0.38645833333333335 0.2015625 0.26875
0 0.62421875 0.6614583333333334 0.2421875 0.3229166666666667
0 0.3828125 0.90625 0.234375 0.3125
2 0.875 0.15416666666666667 0.23125 0.30833333333333335
0 0.62734375 0.9197916666666667 0.2515625 0.33541666666666664
0 0.38125 0.17291666666666666 0.259375 0.3458333333333333