0 0.62890625 0.4197916666666667 0.2546875 0.33958333333333335
1 0.878125 0.4010416666666667 0.21875 0.3020833333333333
0 0.125 0.9125 0.24375 0.325
2 0.87734375 0.9197916666666667 0.2515625 0.33541666666666664
0 0.6234375 0.16458333333333333 0.24375 0.325
2 0.62421875 0.915625 0.2484375 0.33125
0 0.128125 0.13333333333333333 0.2 0.26666666666666666
0 0.12734375 0.4114583333333333 0.2421875 0.3229166666666667
0 0.38046875 0.671875 0.2578125 0.34375
1 0.6265625 0.653125 0.21875 0.3020833333333333
2 0.36015625 0.38645833333333335 0.2046875 0.27291666666666664
0 0.87421875 0.6322916666666667 0.1953125 0.2604166666666667
1 0.38203125 0.1625 0.2328125 0.32083333333333336
1 0.3625 0.8979166666666667 0.225 0.2916666666666667