2 0.86875 0.6416666666666667 0.209375 0.2791666666666667
0 0.87265625 0.4114583333333333 0.2390625 0.31875
0 0.1140625 0.14583333333333334 0.21875 0.2916666666666667
2 0.3828125 0.13333333333333333 0.2 0.26666666666666666
2 0.86953125 0.16145833333333334 0.2390625 0.31875
0 0.3546875 0.38125 0.196875 0.2625
2 0.6078125 0.6416666666666667 0.2125 0.2833333333333333
2 0.62734375 0.915625 0.2453125 0.32708333333333334
0 0.39453125 0.6364583333333333 0.2015625 0.26875
2 0.1484375 0.6333333333333333 0.2 0.26666666666666666
2 0.87421875 0.9135416666666667 0.2421875 0.3229166666666667