0 0.63203125 0.6760416666666667 0.2609375 0.34791666666666665
2 0.62421875 0.415625 0.2484375 0.33125
0 0.36796875 0.15729166666666666 0.2328125 0.3104166666666667
2 0.11796875 0.6489583333333333 0.2203125 0.29375
0 0.1265625 0.9208333333333333 0.253125 0.3375
2 0.63203125 0.9260416666666667 0.2640625 0.35208333333333336
2 0.13984375 0.134375 0.1984375 0.26458333333333334
2 0.87890625 0.921875 0.2578125 0.34375
0 0.88203125 0.15729166666666666 0.2359375 0.3145833333333333
0 0.85078125 0.6302083333333334 0.1921875 0.25625
2 0.39765625 0.37604166666666666 0.1828125 0.24375
2 0.36953125 0.9072916666666667 0.2328125 0.3104166666666667
2 0.12109375 0.40520833333333334 0.2328125 0.3104166666666667
2 0.6234375 0.16041666666666668 0.2375 0.31666666666666665