2 0.12734375 0.415625 0.2453125 0.32708333333333334
0 0.14375 0.1375 0.203125 0.2708333333333333
0 0.88125 0.13958333333333334 0.209375 0.2791666666666667
0 0.8765625 0.66875 0.253125 0.3375
1 0.1265625 0.9197916666666667 0.25 0.33958333333333335
0 0.37578125 0.6614583333333334 0.2421875 0.3229166666666667
2 0.8765625 0.41875 0.253125 0.3375
2 0.39609375 0.8885416666666667 0.2046875 0.27291666666666664
1 0.87734375 0.9197916666666667 0.2546875 0.33541666666666664
0 0.38203125 0.40520833333333334 0.2328125 0.3104166666666667
2 0.62734375 0.415625 0.2453125 0.32708333333333334
2 0.6296875 0.17291666666666666 0.25625 0.3416666666666667
2 0.1296875 0.6354166666666666 0.203125 0.2708333333333333