2 0.36953125 0.659375 0.2390625 0.31875
0 0.36484375 0.9052083333333333 0.2296875 0.30625
0 0.88359375 0.39479166666666665 0.2171875 0.28958333333333336
0 0.37890625 0.421875 0.2546875 0.33958333333333335
0 0.11015625 0.13854166666666667 0.2046875 0.27291666666666664
2 0.8734375 0.9125 0.24375 0.325
0 0.6265625 0.66875 0.25 0.3333333333333333
0 0.8671875 0.6541666666666667 0.228125 0.30416666666666664
0 0.62890625 0.4197916666666667 0.2546875 0.33958333333333335
2 0.37265625 0.14270833333333333 0.2109375 0.28125
1 0.62421875 0.8875 0.2171875 0.275
2 0.1296875 0.42291666666666666 0.25625 0.3416666666666667
0 0.12265625 0.659375 0.2390625 0.31875