2 0.87734375 0.16979166666666667 0.2546875 0.33958333333333335
2 0.86171875 0.634375 0.1984375 0.26458333333333334
0 0.125 0.16875 0.25 0.3333333333333333
0 0.875 0.9041666666666667 0.228125 0.30416666666666664
0 0.88359375 0.428125 0.2640625 0.35208333333333336
1 0.6265625 0.4197916666666667 0.253125 0.33958333333333335
2 0.11953125 0.634375 0.2015625 0.26875
1 0.37578125 0.9166666666666666 0.2453125 0.3333333333333333
2 0.61640625 0.13229166666666667 0.1953125 0.2604166666666667
2 0.640625 0.8979166666666667 0.21875 0.2916666666666667
2 0.12109375 0.396875 0.2171875 0.28958333333333336
2 0.37421875 0.39895833333333336 0.2203125 0.29375
0 0.6234375 0.6666666666666666 0.246875 0.32916666666666666