1 0.371875 0.8760416666666667 0.190625 0.23541666666666666
2 0.8828125 0.6770833333333334 0.2625 0.35
0 0.37578125 0.16770833333333332 0.2515625 0.33541666666666664
2 0.37734375 0.41770833333333335 0.2515625 0.33541666666666664
0 0.12421875 0.41770833333333335 0.2484375 0.33125
0 0.125 0.16666666666666666 0.25 0.3333333333333333
1 0.3796875 0.6697916666666667 0.25625 0.33958333333333335
2 0.61953125 0.903125 0.2265625 0.3020833333333333
0 0.86171875 0.140625 0.2078125 0.27708333333333335
1 0.6234375 0.41041666666666665 0.234375 0.32083333333333336
0 0.12890625 0.671875 0.2546875 0.33958333333333335
2 0.1265625 0.8916666666666667 0.2125 0.2833333333333333
1 0.621875 0.659375 0.23125 0.31875
2 0.878125 0.8770833333333333 0.1875 0.25
1 0.8765625 0.4166666666666667 0.25 0.32916666666666666