0 0.35390625 0.8760416666666667 0.1859375 0.24791666666666667
0 0.37578125 0.4197916666666667 0.2515625 0.33541666666666664
0 0.1234375 0.4125 0.24375 0.325
2 0.87265625 0.15104166666666666 0.2265625 0.3020833333333333
1 0.128125 0.671875 0.253125 0.33958333333333335
0 0.37734375 0.16979166666666667 0.2546875 0.33958333333333335
2 0.634375 0.15625 0.23125 0.30833333333333335
1 0.87578125 0.6645833333333333 0.2515625 0.32916666666666666
0 0.62890625 0.4114583333333333 0.2421875 0.3229166666666667
0 0.6265625 0.6666666666666666 0.25 0.3333333333333333
2 0.134375 0.8979166666666667 0.21875 0.2916666666666667
0 0.3765625 0.6520833333333333 0.228125 0.30416666666666664
0 0.60703125 0.8947916666666667 0.2140625 0.28541666666666665
2 0.13515625 0.14270833333333333 0.2109375 0.28125