0 0.62734375 0.171875 0.2546875 0.33958333333333335
0 0.378125 0.6625 0.240625 0.32083333333333336
1 0.3953125 0.14479166666666668 0.20625 0.28958333333333336
2 0.1515625 0.3770833333333333 0.1875 0.25
2 0.628125 0.6333333333333333 0.196875 0.2625
0 0.13359375 0.178125 0.2640625 0.35208333333333336
0 0.85546875 0.13854166666666667 0.2046875 0.27291666666666664
1 0.109375 0.875 0.196875 0.24583333333333332
2 0.63359375 0.42604166666666665 0.2640625 0.35208333333333336
0 0.6265625 0.9166666666666666 0.25 0.3333333333333333
1 0.875 0.9145833333333333 0.25 0.32916666666666666
0 0.39453125 0.878125 0.1890625 0.2520833333333333