0 0.12421875 0.40520833333333334 0.2296875 0.30625
0 0.62734375 0.9197916666666667 0.2546875 0.33958333333333335
2 0.12734375 0.9135416666666667 0.2421875 0.3229166666666667
0 0.8578125 0.14375 0.2125 0.2833333333333333
1 0.8703125 0.6541666666666667 0.225 0.30833333333333335
2 0.37578125 0.6635416666666667 0.2453125 0.32708333333333334
0 0.63125 0.14583333333333334 0.21875 0.2916666666666667
2 0.6265625 0.66875 0.253125 0.3375
2 0.8796875 0.9020833333333333 0.225 0.3
2 0.13046875 0.6510416666666666 0.2234375 0.29791666666666666
1 0.121875 0.14895833333333333 0.23125 0.29791666666666666
2 0.38515625 0.396875 0.2203125 0.29375
0 0.62734375 0.41354166666666664 0.2453125 0.32708333333333334