0 0.87265625 0.915625 0.2453125 0.32708333333333334
0 0.871875 0.38958333333333334 0.20625 0.275
0 0.1265625 0.41875 0.253125 0.3375
0 0.12578125 0.9177083333333333 0.2515625 0.33541666666666664
1 0.640625 0.8958333333333334 0.2125 0.2916666666666667
2 0.62890625 0.16979166666666667 0.2546875 0.33958333333333335
1 0.125 0.165625 0.25 0.33125
1 0.62578125 0.6677083333333333 0.2515625 0.33541666666666664
2 0.36875 0.38958333333333334 0.209375 0.2791666666666667
0 0.12578125 0.6677083333333333 0.2515625 0.33541666666666664
1 0.38359375 0.1375 0.1890625 0.2708333333333333