0 0.38046875 0.9239583333333333 0.2609375 0.34791666666666665
2 0.62890625 0.39895833333333336 0.2203125 0.29375
0 0.1203125 0.125 0.1875 0.25
2 0.875 0.6645833333333333 0.24375 0.325
2 0.62578125 0.665625 0.2484375 0.33125
0 0.63984375 0.14479166666666668 0.2140625 0.28541666666666665
0 0.87578125 0.165625 0.2453125 0.32708333333333334
2 0.37890625 0.653125 0.2296875 0.30625
2 0.128125 0.6729166666666667 0.25625 0.3416666666666667
0 0.37734375 0.16354166666666667 0.2453125 0.32708333333333334
0 0.8765625 0.4166666666666667 0.25 0.3333333333333333