0 0.62421875 0.37395833333333334 0.1828125 0.24375
0 0.12734375 0.659375 0.2390625 0.31875
0 0.12578125 0.14895833333333333 0.2203125 0.29375
0 0.6234375 0.14375 0.215625 0.2875
0 0.8796875 0.41041666666666665 0.240625 0.32083333333333336
2 0.88203125 0.134375 0.2015625 0.26875
2 0.37578125 0.6677083333333333 0.2515625 0.33541666666666664
0 0.8765625 0.6583333333333333 0.2375 0.31666666666666665
1 0.12734375 0.921875 0.2546875 0.33958333333333335
1 0.40078125 0.8885416666666667 0.1984375 0.27708333333333335
2 0.6296875 0.6729166666666667 0.259375 0.3458333333333333
0 0.3890625 0.4 0.221875 0.29583333333333334
2 0.371875 0.1625 0.24375 0.325
0 0.1453125 0.38333333333333336 0.2 0.26666666666666666
0 0.62578125 0.9177083333333333 0.2484375 0.33125
0 0.8875 0.9 0.225 0.3