1 0.87734375 0.16666666666666666 0.2515625 0.3333333333333333
1 0.3671875 0.8739583333333333 0.19375 0.23958333333333334
2 0.8765625 0.9104166666666667 0.2375 0.31666666666666665
0 0.375 0.4166666666666667 0.25 0.3333333333333333
2 0.128125 0.12916666666666668 0.18125 0.24166666666666667
2 0.621875 0.16041666666666668 0.240625 0.32083333333333336
0 0.8734375 0.6645833333333333 0.24375 0.325
2 0.11484375 0.403125 0.2265625 0.3020833333333333
2 0.12734375 0.6572916666666667 0.2359375 0.3145833333333333
0 0.12109375 0.903125 0.2265625 0.3020833333333333
1 0.62265625 0.4197916666666667 0.2453125 0.33541666666666664
2 0.64609375 0.6302083333333334 0.1921875 0.25625