2 0.62265625 0.384375 0.1984375 0.26458333333333334
0 0.11640625 0.15104166666666666 0.2265625 0.3020833333333333
0 0.38515625 0.8989583333333333 0.2234375 0.29791666666666666
0 0.378125 0.42291666666666666 0.25625 0.3416666666666667
2 0.12578125 0.6677083333333333 0.2515625 0.33541666666666664
0 0.12421875 0.4114583333333333 0.2390625 0.31875
0 0.87109375 0.653125 0.2265625 0.3020833333333333
0 0.8640625 0.14583333333333334 0.21875 0.2916666666666667
0 0.60625 0.125 0.1875 0.25
1 0.12734375 0.9208333333333333 0.2515625 0.3375
2 0.62421875 0.9135416666666667 0.2421875 0.3229166666666667