2 0.63203125 0.928125 0.2640625 0.35208333333333336
2 0.6265625 0.6645833333333333 0.246875 0.32916666666666666
2 0.3703125 0.9020833333333333 0.228125 0.30416666666666664
0 0.86171875 0.39479166666666665 0.2171875 0.28958333333333336
0 0.128125 0.1625 0.240625 0.32083333333333336
2 0.11953125 0.9010416666666666 0.2234375 0.29791666666666666
2 0.628125 0.1625 0.240625 0.32083333333333336
2 0.87890625 0.9135416666666667 0.2421875 0.3229166666666667
0 0.875 0.6666666666666666 0.25 0.3333333333333333
0 0.38515625 0.6385416666666667 0.2078125 0.27708333333333335
2 0.37265625 0.396875 0.2203125 0.29375
0 0.60703125 0.378125 0.1921875 0.25625