2 0.12890625 0.421875 0.2546875 0.33958333333333335
2 0.3796875 0.17083333333333334 0.25625 0.3416666666666667
2 0.6296875 0.675 0.259375 0.3458333333333333
0 0.628125 0.17083333333333334 0.25625 0.3416666666666667
0 0.63046875 0.9260416666666667 0.2609375 0.34791666666666665
0 0.87421875 0.396875 0.2203125 0.29375
0 0.62890625 0.421875 0.2546875 0.33958333333333335
2 0.86484375 0.14270833333333333 0.2109375 0.28125
2 0.3609375 0.6479166666666667 0.21875 0.2916666666666667
0 0.3765625 0.9166666666666666 0.25 0.3333333333333333
2 0.37890625 0.421875 0.2546875 0.33958333333333335
1 0.8765625 0.6708333333333333 0.253125 0.3375
0 0.12578125 0.9197916666666667 0.2515625 0.33541666666666664
2 0.12890625 0.6739583333333333 0.2578125 0.34375