1 0.62734375 0.165625 0.2421875 0.32708333333333334
2 0.63359375 0.9260416666666667 0.2640625 0.35208333333333336
0 0.88359375 0.8822916666666667 0.1953125 0.2604166666666667
0 0.36484375 0.378125 0.1921875 0.25625
1 0.878125 0.41354166666666664 0.2375 0.32708333333333334
0 0.3953125 0.6416666666666667 0.209375 0.2791666666666667
0 0.1234375 0.64375 0.215625 0.2875
1 0.371875 0.8958333333333334 0.209375 0.2916666666666667
2 0.12578125 0.9072916666666667 0.2328125 0.3104166666666667
0 0.88359375 0.6447916666666667 0.2140625 0.28541666666666665
0 0.61328125 0.403125 0.2265625 0.3020833333333333
2 0.865625 0.15625 0.23125 0.30833333333333335