2 0.1265625 0.42083333333333334 0.253125 0.3375
0 0.8734375 0.1625 0.240625 0.32083333333333336
0 0.38046875 0.6739583333333333 0.2578125 0.34375
1 0.62578125 0.41041666666666665 0.2328125 0.32083333333333336
0 0.63046875 0.646875 0.2171875 0.28958333333333336
2 0.88046875 0.38645833333333335 0.2046875 0.27291666666666664
0 0.12421875 0.6489583333333333 0.2234375 0.29791666666666666
0 0.62421875 0.9135416666666667 0.2453125 0.32708333333333334
1 0.896875 0.8760416666666667 0.171875 0.24791666666666667
0 0.128125 0.9104166666666667 0.240625 0.32083333333333336
0 0.621875 0.13333333333333333 0.196875 0.2625