0 0.12109375 0.40520833333333334 0.2296875 0.30625
1 0.375 0.6625 0.246875 0.32083333333333336
0 0.6515625 0.63125 0.19375 0.25833333333333336
2 0.12421875 0.659375 0.2390625 0.31875
0 0.621875 0.15208333333333332 0.225 0.3
2 0.37890625 0.9135416666666667 0.2421875 0.3229166666666667
0 0.3734375 0.4166666666666667 0.246875 0.32916666666666666
0 0.625 0.9145833333333333 0.24375 0.325
0 0.88046875 0.6739583333333333 0.2609375 0.34791666666666665
2 0.87734375 0.16979166666666667 0.2546875 0.33958333333333335
0 0.62578125 0.38645833333333335 0.2046875 0.27291666666666664
1 0.128125 0.165625 0.253125 0.33125
0 0.3765625 0.16875 0.25 0.3333333333333333
2 0.875 0.40625 0.234375 0.3125
1 0.8828125 0.903125 0.221875 0.30625