0 0.128125 0.41875 0.253125 0.3375
2 0.6203125 0.12708333333333333 0.190625 0.25416666666666665
2 0.1171875 0.9041666666666667 0.228125 0.30416666666666664
2 0.87734375 0.6635416666666667 0.2421875 0.3229166666666667
2 0.37734375 0.6677083333333333 0.2515625 0.33541666666666664
1 0.62109375 0.3927083333333333 0.2046875 0.28541666666666665
0 0.865625 0.8979166666666667 0.21875 0.2916666666666667
2 0.88046875 0.171875 0.2578125 0.34375
1 0.896875 0.3875 0.19375 0.2708333333333333
1 0.37578125 0.16770833333333332 0.2515625 0.33125
0 0.365625 0.9020833333333333 0.225 0.3
1 0.603125 0.6364583333333333 0.1875 0.26875
0 0.37578125 0.415625 0.2484375 0.33125
0 0.63125 0.9270833333333334 0.2625 0.35