0 0.12890625 0.4239583333333333 0.2578125 0.34375
1 0.63125 0.9135416666666667 0.2375 0.3229166666666667
2 0.36171875 0.13854166666666667 0.2046875 0.27291666666666664
2 0.62578125 0.384375 0.1984375 0.26458333333333334
0 0.87578125 0.6635416666666667 0.2421875 0.3229166666666667
2 0.3703125 0.6583333333333333 0.2375 0.31666666666666665
2 0.12734375 0.16770833333333332 0.2515625 0.33541666666666664
2 0.63203125 0.17604166666666668 0.2609375 0.34791666666666665
0 0.3765625 0.41875 0.25 0.3333333333333333
1 0.88046875 0.3885416666666667 0.2140625 0.27291666666666664
0 0.115625 0.65 0.225 0.3