0 0.12578125 0.6697916666666667 0.2515625 0.33541666666666664
1 0.375 0.6604166666666667 0.234375 0.32083333333333336
0 0.621875 0.39791666666666664 0.21875 0.2916666666666667
0 0.64609375 0.8885416666666667 0.2046875 0.27291666666666664
2 0.87109375 0.159375 0.2359375 0.3145833333333333
2 0.8796875 0.675 0.259375 0.3458333333333333
2 0.87890625 0.9197916666666667 0.2546875 0.33958333333333335
0 0.62734375 0.146875 0.2203125 0.29375
0 0.3796875 0.40208333333333335 0.228125 0.30416666666666664
0 0.1265625 0.91875 0.253125 0.3375
2 0.66015625 0.628125 0.1796875 0.23958333333333334