0 0.884375 0.6520833333333333 0.228125 0.30416666666666664
2 0.37890625 0.17395833333333333 0.2578125 0.34375
2 0.13203125 0.15729166666666666 0.2359375 0.3145833333333333
0 0.62890625 0.171875 0.2546875 0.33958333333333335
0 0.62734375 0.4114583333333333 0.2390625 0.31875
1 0.121875 0.6614583333333334 0.2375 0.3229166666666667
2 0.646875 0.8854166666666666 0.203125 0.2708333333333333
1 0.371875 0.9114583333333334 0.234375 0.3229166666666667
2 0.37421875 0.6677083333333333 0.2484375 0.33125
2 0.86953125 0.396875 0.2203125 0.29375
2 0.12734375 0.9177083333333333 0.2515625 0.33541666666666664
1 0.3765625 0.4166666666666667 0.246875 0.3333333333333333
0 0.86875 0.15833333333333333 0.2375 0.31666666666666665
2 0.1265625 0.41458333333333336 0.246875 0.32916666666666666
0 0.88203125 0.8947916666666667 0.2140625 0.28541666666666665