2 0.628125 0.9 0.225 0.3
1 0.615625 0.13125 0.20625 0.2625
2 0.88046875 0.921875 0.2578125 0.34375
2 0.63125 0.6729166666666667 0.259375 0.3458333333333333
2 0.8796875 0.4083333333333333 0.234375 0.3125
0 0.878125 0.6708333333333333 0.253125 0.3375
0 0.37421875 0.415625 0.2484375 0.33125
0 0.11328125 0.38229166666666664 0.1953125 0.2604166666666667
0 0.3734375 0.6645833333333333 0.24375 0.325
0 0.1140625 0.12708333333333333 0.190625 0.25416666666666665
0 0.628125 0.42083333333333334 0.253125 0.3375
0 0.11484375 0.6510416666666666 0.2265625 0.3020833333333333
0 0.37734375 0.16770833333333332 0.2515625 0.33541666666666664
2 0.378125 0.88125 0.196875 0.2625
2 0.8859375 0.1375 0.203125 0.2708333333333333
2 0.12578125 0.9072916666666667 0.2359375 0.3145833333333333