0 0.59609375 0.878125 0.1921875 0.25625
0 0.634375 0.65 0.221875 0.29583333333333334
0 0.3859375 0.6479166666666667 0.21875 0.2916666666666667
0 0.378125 0.89375 0.215625 0.2875
0 0.87265625 0.6635416666666667 0.2453125 0.32708333333333334
0 0.39375 0.13125 0.19375 0.25833333333333336
2 0.89375 0.89375 0.2125 0.2833333333333333
0 0.12421875 0.9177083333333333 0.2484375 0.33125
1 0.1265625 0.165625 0.240625 0.32708333333333334
0 0.87421875 0.16145833333333334 0.2421875 0.3229166666666667
0 0.38671875 0.390625 0.2109375 0.28125
2 0.12421875 0.6614583333333334 0.2421875 0.3229166666666667
0 0.87890625 0.421875 0.2546875 0.33958333333333335
0 0.65390625 0.37604166666666666 0.1796875 0.23958333333333334