1 0.37578125 0.9177083333333333 0.2515625 0.33125
2 0.61640625 0.9072916666666667 0.2328125 0.3104166666666667
2 0.37578125 0.6677083333333333 0.2515625 0.33541666666666664
0 0.86328125 0.9010416666666666 0.2265625 0.3020833333333333
0 0.13125 0.39791666666666664 0.221875 0.29583333333333334
2 0.6296875 0.17291666666666666 0.25625 0.3416666666666667
1 0.12734375 0.16458333333333333 0.2390625 0.32916666666666666
2 0.1015625 0.6229166666666667 0.184375 0.24583333333333332
1 0.8765625 0.671875 0.253125 0.33958333333333335
2 0.61171875 0.39479166666666665 0.2171875 0.28958333333333336
0 0.628125 0.6729166666666667 0.25625 0.3416666666666667
0 0.1515625 0.88125 0.196875 0.2625