2 0.1390625 0.8958333333333334 0.21875 0.2916666666666667
1 0.6265625 0.415625 0.25 0.33125
0 0.63203125 0.6572916666666667 0.2328125 0.3104166666666667
0 0.375 0.8770833333333333 0.184375 0.24583333333333332
0 0.87421875 0.9135416666666667 0.2421875 0.3229166666666667
2 0.1296875 0.41041666666666665 0.2375 0.31666666666666665
2 0.38125 0.42291666666666666 0.259375 0.3458333333333333
0 0.625 0.16458333333333333 0.24375 0.325
1 0.88359375 0.409375 0.2296875 0.3145833333333333
0 0.35703125 0.6447916666666667 0.2140625 0.28541666666666665
1 0.6015625 0.8770833333333333 0.175 0.25