1 0.88671875 0.8989583333333333 0.2140625 0.29791666666666666
2 0.36953125 0.6614583333333334 0.2390625 0.31875
0 0.865625 0.40625 0.23125 0.30833333333333335
0 0.87578125 0.646875 0.2203125 0.29375
2 0.62265625 0.159375 0.2390625 0.31875
0 0.1328125 0.6541666666666667 0.228125 0.30416666666666664
0 0.61328125 0.6364583333333333 0.2046875 0.27291666666666664
0 0.12734375 0.9177083333333333 0.2515625 0.33541666666666664
2 0.378125 0.9208333333333333 0.253125 0.3375
2 0.12734375 0.16770833333333332 0.2515625 0.33541666666666664
1 0.1125 0.4 0.21875 0.3
0 0.88125 0.14583333333333334 0.215625 0.2875
2 0.6328125 0.9270833333333334 0.2625 0.35