0 0.12109375 0.4010416666666667 0.2265625 0.3020833333333333
0 0.6296875 0.9208333333333333 0.25625 0.3416666666666667
0 0.37421875 0.6635416666666667 0.2453125 0.32708333333333334
0 0.3796875 0.42291666666666666 0.259375 0.3458333333333333
0 0.12421875 0.16354166666666667 0.2453125 0.32708333333333334
1 0.125 0.9135416666666667 0.24375 0.32708333333333334
0 0.37734375 0.14479166666666668 0.2171875 0.28958333333333336
2 0.60234375 0.12604166666666666 0.1859375 0.24791666666666667
1 0.1328125 0.6541666666666667 0.234375 0.30416666666666664
0 0.37421875 0.915625 0.2484375 0.33125
1 0.8796875 0.9114583333333334 0.2375 0.3229166666666667
0 0.88359375 0.42604166666666665 0.2640625 0.35208333333333336
2 0.865625 0.13958333333333334 0.209375 0.2791666666666667