2 0.628125 0.4083333333333333 0.2375 0.31666666666666665
2 0.87734375 0.16979166666666667 0.2546875 0.33958333333333335
2 0.88515625 0.9010416666666666 0.2265625 0.3020833333333333
0 0.6421875 0.8895833333333333 0.209375 0.2791666666666667
0 0.378125 0.9208333333333333 0.253125 0.3375
1 0.871875 0.4114583333333333 0.2375 0.3229166666666667
0 0.12421875 0.6447916666666667 0.2171875 0.28958333333333336
0 0.37578125 0.4197916666666667 0.2515625 0.33541666666666664
0 0.62734375 0.665625 0.2453125 0.32708333333333334
2 0.84296875 0.6239583333333333 0.1859375 0.24791666666666667
0 0.62734375 0.16770833333333332 0.2515625 0.33541666666666664
0 0.37421875 0.6614583333333334 0.2390625 0.31875
0 0.1265625 0.9166666666666666 0.25 0.3333333333333333
2 0.13125 0.4083333333333333 0.2375 0.31666666666666665