2 0.89375 0.8854166666666666 0.2 0.26666666666666666
2 0.61875 0.6583333333333333 0.2375 0.31666666666666665
0 0.378125 0.42083333333333334 0.253125 0.3375
1 0.871875 0.6375 0.215625 0.275
0 0.6234375 0.8958333333333334 0.215625 0.2875
2 0.096875 0.3770833333333333 0.190625 0.25416666666666665
2 0.11953125 0.15104166666666666 0.2265625 0.3020833333333333
0 0.88203125 0.4239583333333333 0.2609375 0.34791666666666665
0 0.875 0.16458333333333333 0.24375 0.325
0 0.621875 0.39375 0.2125 0.2833333333333333
0 0.625 0.16458333333333333 0.24375 0.325
0 0.36875 0.15 0.221875 0.29583333333333334
0 0.365625 0.89375 0.2125 0.2833333333333333
0 0.13046875 0.878125 0.1828125 0.24375