2 0.8796875 0.925 0.259375 0.3458333333333333
2 0.62734375 0.6677083333333333 0.2515625 0.33541666666666664
2 0.63046875 0.17395833333333333 0.2578125 0.34375
1 0.37421875 0.41354166666666664 0.2453125 0.3229166666666667
0 0.38828125 0.14479166666666668 0.2171875 0.28958333333333336
0 0.13515625 0.146875 0.2171875 0.28958333333333336
0 0.871875 0.4083333333333333 0.2375 0.31666666666666665
1 0.62265625 0.9114583333333334 0.2453125 0.3229166666666667
0 0.37578125 0.915625 0.2453125 0.32708333333333334
0 0.89140625 0.13229166666666667 0.1984375 0.26458333333333334
2 0.1203125 0.41041666666666665 0.2375 0.31666666666666665
2 0.8765625 0.6708333333333333 0.253125 0.3375
1 0.128125 0.66875 0.253125 0.3375
0 0.11953125 0.896875 0.2203125 0.29375