2 0.62734375 0.671875 0.2546875 0.33958333333333335
0 0.12890625 0.6697916666666667 0.2546875 0.33958333333333335
1 0.621875 0.90625 0.2375 0.30833333333333335
0 0.390625 0.8875 0.20625 0.275
1 0.11328125 0.15625 0.2265625 0.3125
0 0.63671875 0.39479166666666665 0.2140625 0.28541666666666665
0 0.128125 0.88125 0.19375 0.25833333333333336
0 0.1234375 0.4125 0.240625 0.32083333333333336
0 0.87421875 0.9135416666666667 0.2453125 0.32708333333333334
2 0.6359375 0.14375 0.215625 0.2875
0 0.8796875 0.13541666666666666 0.2 0.26666666666666666