0 0.871875 0.90625 0.23125 0.30833333333333335
1 0.62734375 0.159375 0.2359375 0.31875
1 0.37421875 0.41458333333333336 0.2484375 0.32916666666666666
1 0.86015625 0.403125 0.2203125 0.3020833333333333
1 0.38203125 0.134375 0.1890625 0.26875
2 0.378125 0.9041666666666667 0.23125 0.30833333333333335
1 0.63046875 0.6416666666666667 0.2015625 0.2833333333333333
2 0.11875 0.6583333333333333 0.234375 0.3125
2 0.12421875 0.9114583333333334 0.2421875 0.3229166666666667
2 0.128125 0.16875 0.253125 0.3375
0 0.3765625 0.6583333333333333 0.234375 0.3125