2 0.60859375 0.37604166666666666 0.1890625 0.2520833333333333
0 0.38203125 0.37395833333333334 0.1828125 0.24375
0 0.87421875 0.16145833333333334 0.2390625 0.31875
2 0.87734375 0.9197916666666667 0.2515625 0.33541666666666664
2 0.62265625 0.9114583333333334 0.2421875 0.3229166666666667
1 0.128125 0.159375 0.228125 0.3145833333333333
2 0.146875 0.625 0.1875 0.25
2 0.6359375 0.64375 0.2125 0.2833333333333333
0 0.12734375 0.9197916666666667 0.2515625 0.33541666666666664
1 0.1234375 0.39895833333333336 0.2125 0.29375
1 0.8734375 0.415625 0.24375 0.32708333333333334