0 0.13203125 0.178125 0.2640625 0.35208333333333336
2 0.38984375 0.39479166666666665 0.2171875 0.28958333333333336
1 0.6265625 0.6645833333333333 0.240625 0.32916666666666666
0 0.1328125 0.3958333333333333 0.21875 0.2916666666666667
0 0.38046875 0.6427083333333333 0.2140625 0.28541666666666665
0 0.8765625 0.42083333333333334 0.253125 0.3375
0 0.1265625 0.9166666666666666 0.246875 0.32916666666666666
2 0.13046875 0.6739583333333333 0.2609375 0.34791666666666665
1 0.646875 0.8770833333333333 0.18125 0.25416666666666665
0 0.87421875 0.9177083333333333 0.2484375 0.33125
0 0.38125 0.9020833333333333 0.225 0.3
2 0.9046875 0.6229166666666667 0.184375 0.24583333333333332
0 0.63125 0.3875 0.203125 0.2708333333333333