0 0.60546875 0.140625 0.2078125 0.27708333333333335
0 0.3640625 0.4 0.225 0.3
1 0.38046875 0.6302083333333334 0.1796875 0.25625
0 0.6359375 0.3958333333333333 0.215625 0.2875
1 0.12421875 0.9145833333333333 0.2421875 0.32916666666666666
0 0.87890625 0.171875 0.2546875 0.33958333333333335
2 0.8796875 0.9229166666666667 0.25625 0.3416666666666667
2 0.62578125 0.9135416666666667 0.2453125 0.32708333333333334
0 0.875 0.6645833333333333 0.246875 0.32916666666666666
1 0.1375 0.140625 0.2 0.28125
2 0.37734375 0.915625 0.2453125 0.32708333333333334
0 0.125 0.41875 0.25 0.3333333333333333