1 0.37578125 0.9072916666666667 0.2421875 0.3145833333333333
0 0.88125 0.15625 0.23125 0.30833333333333335
2 0.1234375 0.15208333333333332 0.225 0.3
2 0.12578125 0.9072916666666667 0.2328125 0.3104166666666667
1 0.3765625 0.6708333333333333 0.25 0.3375
2 0.375 0.14583333333333334 0.215625 0.2875
1 0.628125 0.16770833333333332 0.253125 0.33125
0 0.37578125 0.41770833333333335 0.2515625 0.33541666666666664
0 0.89453125 0.8802083333333334 0.1921875 0.25625
2 0.884375 0.6541666666666667 0.23125 0.30833333333333335
0 0.6390625 0.8770833333333333 0.1875 0.25
2 0.89921875 0.38229166666666664 0.1984375 0.26458333333333334