0 0.3765625 0.9208333333333333 0.253125 0.3375
1 0.625 0.37395833333333334 0.196875 0.24375
2 0.88671875 0.3802083333333333 0.1921875 0.25625
0 0.13203125 0.9260416666666667 0.2640625 0.35208333333333336
0 0.62734375 0.16979166666666667 0.2546875 0.33958333333333335
0 0.6265625 0.9166666666666666 0.25 0.3333333333333333
0 0.12421875 0.41770833333333335 0.2484375 0.33125
0 0.39375 0.39375 0.2125 0.2833333333333333
0 0.62265625 0.659375 0.2359375 0.3145833333333333
2 0.88984375 0.128125 0.1921875 0.25625
0 0.1171875 0.6458333333333334 0.215625 0.2875
0 0.8734375 0.89375 0.215625 0.2875
0 0.3734375 0.15208333333333332 0.225 0.3
1 0.37109375 0.6510416666666666 0.2359375 0.3020833333333333