0 0.3796875 0.17291666666666666 0.25625 0.3416666666666667
1 0.1203125 0.65625 0.225 0.3125
0 0.6046875 0.38125 0.19375 0.25833333333333336
0 0.10859375 0.13854166666666667 0.2046875 0.27291666666666664
0 0.6390625 0.13958333333333334 0.209375 0.2791666666666667
2 0.3671875 0.90625 0.234375 0.3125
2 0.3796875 0.42291666666666666 0.259375 0.3458333333333333
0 0.62421875 0.659375 0.2390625 0.31875
2 0.8765625 0.6270833333333333 0.1875 0.25
0 0.12890625 0.421875 0.2546875 0.33958333333333335
2 0.37890625 0.6510416666666666 0.2234375 0.29791666666666666
2 0.628125 0.91875 0.253125 0.3375
0 0.88203125 0.159375 0.2359375 0.3145833333333333
0 0.86953125 0.403125 0.2265625 0.3020833333333333