1 0.36171875 0.3885416666666667 0.2171875 0.27708333333333335
0 0.371875 0.9 0.225 0.3
0 0.125 0.66875 0.25 0.3333333333333333
2 0.365625 0.6458333333333334 0.215625 0.2875
0 0.88359375 0.384375 0.2015625 0.26875
0 0.63828125 0.14479166666666668 0.2140625 0.28541666666666665
0 0.3546875 0.13541666666666666 0.2 0.26666666666666666
0 0.6296875 0.925 0.259375 0.3458333333333333
0 0.1234375 0.9125 0.24375 0.325
0 0.128125 0.17083333333333334 0.253125 0.3375
2 0.6328125 0.40625 0.234375 0.3125
0 0.12421875 0.39895833333333336 0.2234375 0.29791666666666666
0 0.621875 0.65625 0.234375 0.3125