0 0.878125 0.16875 0.253125 0.3375
1 0.8765625 0.6447916666666667 0.225 0.28541666666666665
0 0.128125 0.9125 0.24375 0.325
2 0.62578125 0.41770833333333335 0.2515625 0.33541666666666664
0 0.13359375 0.17604166666666668 0.2640625 0.35208333333333336
0 0.1328125 0.6520833333333333 0.228125 0.30416666666666664
2 0.3796875 0.9104166666666667 0.2375 0.31666666666666665
2 0.37578125 0.415625 0.2484375 0.33125
0 0.6234375 0.8729166666666667 0.184375 0.24583333333333332
0 0.37578125 0.15520833333333334 0.2328125 0.3104166666666667
1 0.37578125 0.6697916666666667 0.2515625 0.33958333333333335
2 0.871875 0.38125 0.19375 0.25833333333333336
1 0.6328125 0.13958333333333334 0.215625 0.275
0 0.13203125 0.4239583333333333 0.2609375 0.34791666666666665