0 0.87421875 0.415625 0.2484375 0.33125
2 0.87734375 0.6677083333333333 0.2515625 0.33541666666666664
0 0.6296875 0.16041666666666668 0.240625 0.32083333333333336
2 0.37109375 0.9072916666666667 0.2328125 0.3104166666666667
0 0.1359375 0.3958333333333333 0.21875 0.2916666666666667
0 0.628125 0.41875 0.253125 0.3375
1 0.87578125 0.165625 0.2515625 0.33125
0 0.628125 0.9229166666666667 0.25625 0.3416666666666667
1 0.125 0.9145833333333333 0.25 0.32916666666666666
1 0.12421875 0.6635416666666667 0.2484375 0.3229166666666667
0 0.35703125 0.140625 0.2109375 0.28125
2 0.62890625 0.671875 0.2546875 0.33958333333333335
0 0.37265625 0.6635416666666667 0.2453125 0.32708333333333334