1 0.87734375 0.8885416666666667 0.2140625 0.27291666666666664
1 0.37421875 0.14166666666666666 0.2234375 0.2833333333333333
1 0.3765625 0.6604166666666667 0.246875 0.32083333333333336
1 0.875 0.159375 0.246875 0.31875
0 0.62890625 0.13854166666666667 0.2078125 0.27708333333333335
1 0.1375 0.38958333333333334 0.215625 0.275
0 0.1390625 0.89375 0.2125 0.2833333333333333
0 0.878125 0.41458333333333336 0.24375 0.325
0 0.64296875 0.878125 0.1921875 0.25625
2 0.36640625 0.390625 0.2078125 0.27708333333333335
0 0.62421875 0.6635416666666667 0.2421875 0.3229166666666667
0 0.365625 0.90625 0.23125 0.30833333333333335
0 0.140625 0.13958333333333334 0.209375 0.2791666666666667