2 0.615625 0.40208333333333335 0.228125 0.30416666666666664
0 0.62890625 0.659375 0.2390625 0.31875
0 0.37734375 0.9177083333333333 0.2515625 0.33541666666666664
0 0.12734375 0.415625 0.2453125 0.32708333333333334
0 0.8796875 0.17083333333333334 0.25625 0.3416666666666667
1 0.11484375 0.15 0.2109375 0.29583333333333334
0 0.38984375 0.628125 0.1765625 0.23541666666666666
0 0.878125 0.41875 0.253125 0.3375
0 0.12109375 0.909375 0.2390625 0.31875
2 0.87421875 0.6677083333333333 0.2484375 0.33125
0 0.37578125 0.415625 0.2484375 0.33125
2 0.37734375 0.16770833333333332 0.2515625 0.33541666666666664
0 0.8734375 0.9166666666666666 0.246875 0.32916666666666666
1 0.63671875 0.15625 0.2234375 0.30833333333333335