0 0.37734375 0.9197916666666667 0.2546875 0.33958333333333335
2 0.37578125 0.6677083333333333 0.2515625 0.33541666666666664
0 0.38046875 0.3802083333333333 0.1953125 0.2604166666666667
0 0.8734375 0.13333333333333333 0.2 0.26666666666666666
0 0.60625 0.88125 0.196875 0.2625
0 0.11796875 0.14479166666666668 0.2140625 0.28541666666666665
2 0.628125 0.42083333333333334 0.253125 0.3375
0 0.1078125 0.37916666666666665 0.18125 0.24166666666666667
0 0.8765625 0.91875 0.253125 0.3375
0 0.0984375 0.63125 0.19375 0.25833333333333336
2 0.87578125 0.6635416666666667 0.2421875 0.3229166666666667
0 0.62734375 0.16979166666666667 0.2546875 0.33958333333333335
0 0.628125 0.65625 0.23125 0.30833333333333335
1 0.37578125 0.15 0.2140625 0.3
2 0.125 0.9041666666666667 0.23125 0.30833333333333335