1 0.86953125 0.37395833333333334 0.1765625 0.24791666666666667
0 0.3796875 0.17083333333333334 0.25625 0.3416666666666667
2 0.87890625 0.9239583333333333 0.2578125 0.34375
2 0.36328125 0.646875 0.2171875 0.28958333333333336
0 0.87890625 0.6427083333333333 0.2109375 0.28125
0 0.39609375 0.8760416666666667 0.1890625 0.2520833333333333
0 0.10859375 0.39479166666666665 0.2140625 0.28541666666666665
2 0.125 0.9166666666666666 0.25 0.3333333333333333
0 0.6265625 0.9166666666666666 0.246875 0.32916666666666666
0 0.36796875 0.39895833333333336 0.2203125 0.29375
2 0.8703125 0.14583333333333334 0.215625 0.2875
0 0.62734375 0.39479166666666665 0.2171875 0.28958333333333336