0 0.87578125 0.415625 0.2453125 0.32708333333333334
1 0.37890625 0.6697916666666667 0.2546875 0.33541666666666664
0 0.11640625 0.14270833333333333 0.2140625 0.28541666666666665
2 0.378125 0.17083333333333334 0.253125 0.3375
0 0.12734375 0.6635416666666667 0.2421875 0.3229166666666667
0 0.64375 0.6416666666666667 0.2125 0.2833333333333333
2 0.3765625 0.9166666666666666 0.246875 0.32916666666666666
0 0.36484375 0.39479166666666665 0.2140625 0.28541666666666665
0 0.87578125 0.16979166666666667 0.2515625 0.33541666666666664
1 0.8734375 0.9197916666666667 0.246875 0.33541666666666664
2 0.121875 0.9145833333333333 0.24375 0.325