1 0.62265625 0.6666666666666666 0.2453125 0.3333333333333333
2 0.88046875 0.921875 0.2578125 0.34375
1 0.1296875 0.40208333333333335 0.234375 0.30416666666666664
0 0.88046875 0.153125 0.2265625 0.3020833333333333
2 0.1171875 0.13958333333333334 0.20625 0.275
2 0.6265625 0.41875 0.25 0.3333333333333333
0 0.38046875 0.17395833333333333 0.2609375 0.34791666666666665
0 0.35546875 0.6302083333333334 0.1953125 0.2604166666666667
0 0.62890625 0.909375 0.2390625 0.31875
0 0.38828125 0.3927083333333333 0.2109375 0.28125
1 0.86953125 0.6302083333333334 0.2078125 0.2604166666666667
2 0.628125 0.1625 0.24375 0.325
0 0.87890625 0.4197916666666667 0.2546875 0.33958333333333335
2 0.38359375 0.9260416666666667 0.2640625 0.35208333333333336