1 0.1265625 0.16041666666666668 0.23125 0.31666666666666665
2 0.14140625 0.3927083333333333 0.2140625 0.28541666666666665
0 0.37578125 0.41770833333333335 0.2515625 0.33541666666666664
1 0.3734375 0.6625 0.246875 0.325
0 0.1 0.6291666666666667 0.19375 0.25833333333333336
0 0.875 0.875 0.184375 0.24583333333333332
1 0.140625 0.9010416666666666 0.215625 0.3020833333333333
1 0.62890625 0.921875 0.2546875 0.33958333333333335
2 0.88046875 0.17604166666666668 0.2609375 0.34791666666666665
1 0.63125 0.6520833333333333 0.234375 0.3
2 0.62734375 0.146875 0.2203125 0.29375
2 0.3796875 0.17291666666666666 0.25625 0.3416666666666667
2 0.878125 0.4 0.225 0.3
2 0.6234375 0.4041666666666667 0.228125 0.30416666666666664