0 0.12578125 0.9177083333333333 0.2484375 0.33125
0 0.378125 0.17291666666666666 0.25625 0.3416666666666667
0 0.6203125 0.9083333333333333 0.2375 0.31666666666666665
0 0.3765625 0.4166666666666667 0.246875 0.32916666666666666
0 0.6265625 0.16458333333333333 0.246875 0.32916666666666666
2 0.9046875 0.6229166666666667 0.184375 0.24583333333333332
2 0.3828125 0.875 0.1875 0.25
0 0.6265625 0.6645833333333333 0.246875 0.32916666666666666
0 0.8734375 0.4041666666666667 0.23125 0.30833333333333335
0 0.62578125 0.4197916666666667 0.2515625 0.33541666666666664
0 0.8671875 0.8895833333333333 0.20625 0.275
1 0.86015625 0.125 0.2015625 0.25
0 0.1453125 0.38333333333333336 0.196875 0.2625