2 0.12734375 0.6572916666666667 0.2359375 0.3145833333333333
2 0.12578125 0.41354166666666664 0.2421875 0.3229166666666667
1 0.865625 0.653125 0.215625 0.3020833333333333
0 0.12421875 0.9072916666666667 0.2328125 0.3104166666666667
0 0.38203125 0.17604166666666668 0.2609375 0.34791666666666665
1 0.365625 0.6385416666666667 0.19375 0.27291666666666664
0 0.3765625 0.41875 0.253125 0.3375
1 0.85625 0.14166666666666666 0.203125 0.2833333333333333
2 0.6203125 0.16041666666666668 0.2375 0.31666666666666665
2 0.128125 0.17083333333333334 0.253125 0.3375
0 0.88046875 0.921875 0.2578125 0.34375
0 0.8765625 0.41875 0.253125 0.3375
2 0.3703125 0.9020833333333333 0.228125 0.30416666666666664