2 0.6296875 0.9041666666666667 0.23125 0.30833333333333335
0 0.3796875 0.17291666666666666 0.259375 0.3458333333333333
2 0.36328125 0.39895833333333336 0.2234375 0.29791666666666666
2 0.128125 0.6708333333333333 0.25625 0.3416666666666667
0 0.88203125 0.4239583333333333 0.2609375 0.34791666666666665
2 0.8765625 0.66875 0.25 0.3333333333333333
2 0.87265625 0.9072916666666667 0.2328125 0.3104166666666667
0 0.10234375 0.13020833333333334 0.1921875 0.25625
0 0.378125 0.91875 0.253125 0.3375
0 0.6140625 0.3958333333333333 0.21875 0.2916666666666667
1 0.6265625 0.13229166666666667 0.184375 0.26458333333333334
2 0.12890625 0.4114583333333333 0.2421875 0.3229166666666667