0 0.8765625 0.6666666666666666 0.25 0.3333333333333333
1 0.11640625 0.396875 0.2234375 0.28958333333333336
2 0.62890625 0.38645833333333335 0.2046875 0.27291666666666664
0 0.890625 0.8854166666666666 0.203125 0.2708333333333333
0 0.8609375 0.3770833333333333 0.190625 0.25416666666666665
0 0.121875 0.15208333333333332 0.228125 0.30416666666666664
0 0.38203125 0.6760416666666667 0.2609375 0.34791666666666665
1 0.6515625 0.1375 0.196875 0.275
0 0.3890625 0.8770833333333333 0.18125 0.24166666666666667
0 0.13046875 0.6385416666666667 0.2046875 0.27291666666666664
0 0.37890625 0.16145833333333334 0.2421875 0.3229166666666667
2 0.3796875 0.425 0.259375 0.3458333333333333
2 0.88125 0.17708333333333334 0.2625 0.35