0 0.12421875 0.165625 0.2484375 0.33125
1 0.86328125 0.6510416666666666 0.2140625 0.29791666666666666
0 0.39765625 0.8864583333333333 0.2046875 0.27291666666666664
1 0.1265625 0.6625 0.246875 0.325
0 0.8875 0.8833333333333333 0.196875 0.2625
0 0.3796875 0.17083333333333334 0.25625 0.3416666666666667
0 0.378125 0.41875 0.253125 0.3375
2 0.12421875 0.415625 0.2484375 0.33125
2 0.6265625 0.6708333333333333 0.253125 0.3375
1 0.13359375 0.8895833333333333 0.1921875 0.275
0 0.896875 0.13541666666666666 0.203125 0.2708333333333333
0 0.62421875 0.9135416666666667 0.2453125 0.32708333333333334
1 0.87421875 0.4114583333333333 0.2453125 0.3229166666666667