1 0.62734375 0.16979166666666667 0.2515625 0.33541666666666664
0 0.37890625 0.421875 0.2546875 0.33958333333333335
0 0.13515625 0.6322916666666667 0.1984375 0.26458333333333334
0 0.1265625 0.41875 0.25 0.3333333333333333
0 0.62421875 0.9114583333333334 0.2390625 0.31875
2 0.86484375 0.134375 0.2015625 0.26875
2 0.378125 0.1625 0.24375 0.325
0 0.86640625 0.646875 0.2203125 0.29375
1 0.13515625 0.15833333333333333 0.2234375 0.3125
0 0.6265625 0.41458333333333336 0.246875 0.32916666666666666
2 0.878125 0.41875 0.253125 0.3375
2 0.6328125 0.675 0.2625 0.35
0 0.37421875 0.665625 0.2484375 0.33125