2 0.625 0.9166666666666666 0.25 0.3333333333333333
2 0.13125 0.925 0.259375 0.3458333333333333
0 0.10546875 0.3927083333333333 0.2109375 0.28125
1 0.88046875 0.8958333333333334 0.2265625 0.2916666666666667
2 0.62109375 0.16354166666666667 0.2421875 0.3229166666666667
1 0.36875 0.403125 0.221875 0.30625
0 0.6234375 0.3958333333333333 0.21875 0.2916666666666667
1 0.37265625 0.6520833333333333 0.2359375 0.30416666666666664
1 0.8609375 0.6510416666666666 0.2125 0.29791666666666666
2 0.84296875 0.37395833333333334 0.1859375 0.24791666666666667
0 0.13671875 0.6510416666666666 0.2265625 0.3020833333333333
1 0.62890625 0.671875 0.2546875 0.33958333333333335
2 0.37578125 0.9177083333333333 0.2515625 0.33541666666666664