1 0.3796875 0.134375 0.1875 0.26458333333333334
0 0.11171875 0.146875 0.2171875 0.28958333333333336
2 0.87421875 0.9177083333333333 0.2484375 0.33125
0 0.12734375 0.6697916666666667 0.2515625 0.33541666666666664
0 0.13203125 0.403125 0.2296875 0.30625
2 0.62734375 0.921875 0.2546875 0.33958333333333335
0 0.1359375 0.9041666666666667 0.228125 0.30416666666666664
2 0.38203125 0.640625 0.2078125 0.27708333333333335
0 0.603125 0.12916666666666668 0.190625 0.25416666666666665
2 0.85859375 0.3885416666666667 0.2046875 0.27291666666666664
0 0.87890625 0.6635416666666667 0.2421875 0.3229166666666667