0 0.6125 0.4 0.221875 0.29583333333333334
1 0.1046875 0.6385416666666667 0.196875 0.27708333333333335
0 0.12734375 0.16979166666666667 0.2546875 0.33958333333333335
0 0.12421875 0.9072916666666667 0.2359375 0.3145833333333333
2 0.62734375 0.9197916666666667 0.2515625 0.33541666666666664
1 0.871875 0.6625 0.240625 0.325
1 0.871875 0.9 0.2125 0.29583333333333334
0 0.38203125 0.15520833333333334 0.2296875 0.30625
0 0.3796875 0.63125 0.196875 0.2625
0 0.6265625 0.6708333333333333 0.253125 0.3375
0 0.38125 0.4041666666666667 0.23125 0.30833333333333335
2 0.8796875 0.42083333333333334 0.25625 0.3416666666666667
0 0.85859375 0.13645833333333332 0.2046875 0.27291666666666664
1 0.6265625 0.165625 0.240625 0.32708333333333334
0 0.1265625 0.3854166666666667 0.2 0.26666666666666666
0 0.3796875 0.9229166666666667 0.25625 0.3416666666666667