2 0.36796875 0.6302083333333334 0.1921875 0.25625
0 0.87890625 0.39895833333333336 0.2234375 0.29791666666666666
0 0.87578125 0.9114583333333334 0.2421875 0.3229166666666667
2 0.365625 0.125 0.18125 0.24166666666666667
0 0.128125 0.9208333333333333 0.25625 0.3416666666666667
0 0.59375 0.125 0.184375 0.24583333333333332
2 0.1234375 0.40208333333333335 0.225 0.3
2 0.36796875 0.38645833333333335 0.2015625 0.26875
0 0.62578125 0.40729166666666666 0.2328125 0.3104166666666667
0 0.128125 0.6729166666666667 0.25625 0.3416666666666667
0 0.3765625 0.9208333333333333 0.253125 0.3375