0 0.37890625 0.17395833333333333 0.2578125 0.34375
0 0.38515625 0.646875 0.2203125 0.29375
0 0.87734375 0.16979166666666667 0.2515625 0.33541666666666664
2 0.11953125 0.659375 0.2390625 0.31875
0 0.11171875 0.8864583333333333 0.2046875 0.27291666666666664
2 0.88046875 0.671875 0.2578125 0.34375
0 0.11796875 0.15520833333333334 0.2328125 0.3104166666666667
1 0.8859375 0.8979166666666667 0.228125 0.2916666666666667
2 0.12578125 0.4197916666666667 0.2515625 0.33541666666666664
0 0.628125 0.9104166666666667 0.2375 0.31666666666666665
2 0.6296875 0.6729166666666667 0.25625 0.3416666666666667