1 0.37109375 0.6520833333333333 0.2359375 0.30416666666666664
2 0.37890625 0.421875 0.2578125 0.34375
0 0.128125 0.38958333333333334 0.20625 0.275
1 0.62578125 0.9125 0.2453125 0.32083333333333336
0 0.87109375 0.409375 0.2390625 0.31875
2 0.36875 0.16041666666666668 0.2375 0.31666666666666665
0 0.109375 0.14791666666666667 0.21875 0.2916666666666667
0 0.6265625 0.42083333333333334 0.253125 0.3375
0 0.86015625 0.890625 0.2078125 0.27708333333333335
0 0.1265625 0.9041666666666667 0.228125 0.30416666666666664
2 0.63984375 0.146875 0.2203125 0.29375