0 0.62265625 0.153125 0.2265625 0.3020833333333333
0 0.8640625 0.39166666666666666 0.209375 0.2791666666666667
0 0.13359375 0.42604166666666665 0.2640625 0.35208333333333336
1 0.3796875 0.3927083333333333 0.2 0.28125
2 0.63828125 0.8989583333333333 0.2203125 0.29375
1 0.62578125 0.6614583333333334 0.2484375 0.3229166666666667
0 0.12890625 0.9239583333333333 0.2578125 0.34375
0 0.12109375 0.6552083333333333 0.2328125 0.3104166666666667
0 0.15 0.12708333333333333 0.1875 0.25
2 0.875 0.16875 0.25 0.3333333333333333
2 0.37421875 0.646875 0.2203125 0.29375
1 0.85234375 0.646875 0.2046875 0.28958333333333336
0 0.378125 0.17291666666666666 0.25625 0.3416666666666667