1 0.12734375 0.6666666666666666 0.2515625 0.32916666666666666
1 0.6390625 0.375 0.2 0.25
2 0.62265625 0.8989583333333333 0.2203125 0.29375
0 0.89609375 0.3802083333333333 0.1921875 0.25625
2 0.8453125 0.6291666666666667 0.18125 0.24166666666666667
0 0.37109375 0.640625 0.2078125 0.27708333333333335
2 0.87578125 0.9135416666666667 0.2453125 0.32708333333333334
2 0.37421875 0.14895833333333333 0.2234375 0.29791666666666666
0 0.63046875 0.6760416666666667 0.2609375 0.34791666666666665
0 0.8859375 0.14375 0.2125 0.2833333333333333
0 0.1125 0.40208333333333335 0.225 0.3