2 0.3859375 0.37916666666666665 0.19375 0.25833333333333336
1 0.1265625 0.6635416666666667 0.246875 0.3229166666666667
1 0.125 0.3770833333333333 0.171875 0.24583333333333332
0 0.62265625 0.134375 0.2015625 0.26875
2 0.884375 0.40208333333333335 0.225 0.3
1 0.1265625 0.9135416666666667 0.25 0.32708333333333334
2 0.36796875 0.15520833333333334 0.2296875 0.30625
2 0.88203125 0.6427083333333333 0.2140625 0.28541666666666665
1 0.60625 0.8989583333333333 0.2125 0.29791666666666666
2 0.62578125 0.6677083333333333 0.2515625 0.33541666666666664
0 0.87578125 0.9010416666666666 0.2234375 0.29791666666666666
2 0.63046875 0.4239583333333333 0.2578125 0.34375
2 0.13046875 0.17395833333333333 0.2609375 0.34791666666666665