0 0.12890625 0.6739583333333333 0.2578125 0.34375
2 0.884375 0.8875 0.203125 0.2708333333333333
0 0.87890625 0.4197916666666667 0.2546875 0.33958333333333335
0 0.64375 0.14166666666666666 0.209375 0.2791666666666667
0 0.88046875 0.640625 0.2109375 0.28125
1 0.3765625 0.6645833333333333 0.246875 0.32916666666666666
1 0.3796875 0.16979166666666667 0.25625 0.33958333333333335
0 0.396875 0.8895833333333333 0.20625 0.275
1 0.6 0.6364583333333333 0.184375 0.22708333333333333
0 0.11015625 0.396875 0.2203125 0.29375
0 0.36015625 0.3927083333333333 0.2109375 0.28125
0 0.1234375 0.1625 0.24375 0.325
0 0.6265625 0.9145833333333333 0.246875 0.32916666666666666
0 0.63203125 0.396875 0.2203125 0.29375
0 0.8765625 0.16875 0.253125 0.3375
0 0.121875 0.8875 0.203125 0.2708333333333333