2 0.378125 0.17083333333333334 0.253125 0.3375
1 0.1 0.8729166666666667 0.196875 0.24583333333333332
1 0.13046875 0.13020833333333334 0.1921875 0.23958333333333334
1 0.6265625 0.171875 0.253125 0.33958333333333335
0 0.865625 0.65625 0.23125 0.30833333333333335
0 0.3796875 0.9229166666666667 0.25625 0.3416666666666667
1 0.8765625 0.421875 0.253125 0.33958333333333335
0 0.62421875 0.6552083333333333 0.2328125 0.3104166666666667
0 0.6296875 0.42291666666666666 0.25625 0.3416666666666667
0 0.13125 0.675 0.2625 0.35
2 0.3796875 0.6479166666666667 0.21875 0.2916666666666667
0 0.103125 0.3770833333333333 0.18125 0.24166666666666667
2 0.88046875 0.903125 0.2265625 0.3020833333333333