0 0.109375 0.3854166666666667 0.2 0.26666666666666666
1 0.378125 0.9104166666666667 0.24375 0.32083333333333336
0 0.13515625 0.640625 0.2109375 0.28125
1 0.1375 0.878125 0.203125 0.2520833333333333
2 0.63046875 0.3927083333333333 0.2109375 0.28125
1 0.6265625 0.6614583333333334 0.2375 0.3229166666666667
2 0.3765625 0.16875 0.25 0.3333333333333333
2 0.87421875 0.6677083333333333 0.2484375 0.33125
2 0.37265625 0.403125 0.2296875 0.30625
0 0.62578125 0.9177083333333333 0.2484375 0.33125
0 0.640625 0.13541666666666666 0.203125 0.2708333333333333