0 0.3765625 0.41458333333333336 0.24375 0.325
0 0.61796875 0.12604166666666666 0.1859375 0.24791666666666667
2 0.128125 0.42083333333333334 0.25625 0.3416666666666667
2 0.88359375 0.42604166666666665 0.2640625 0.35208333333333336
0 0.37109375 0.653125 0.2296875 0.30625
0 0.85703125 0.6322916666666667 0.1953125 0.2604166666666667
0 0.89453125 0.12604166666666666 0.1859375 0.24791666666666667
2 0.36796875 0.15520833333333334 0.2296875 0.30625
2 0.1328125 0.6770833333333334 0.2625 0.35
2 0.625 0.6666666666666666 0.25 0.3333333333333333
0 0.634375 0.9020833333333333 0.228125 0.30416666666666664
2 0.375 0.9104166666666667 0.240625 0.32083333333333336
0 0.12109375 0.896875 0.2203125 0.29375
2 0.128125 0.17083333333333334 0.25625 0.3416666666666667
2 0.61796875 0.40520833333333334 0.2296875 0.30625