1 0.37578125 0.6614583333333334 0.2453125 0.31875
2 0.87734375 0.890625 0.2078125 0.27708333333333335
0 0.6234375 0.15625 0.23125 0.30833333333333335
0 0.3875 0.8979166666666667 0.21875 0.2916666666666667
2 0.12109375 0.878125 0.1921875 0.25625
2 0.87578125 0.634375 0.1984375 0.26458333333333334
1 0.12265625 0.4114583333333333 0.2453125 0.31875
0 0.62578125 0.4010416666666667 0.2234375 0.29791666666666666
2 0.13359375 0.6760416666666667 0.2640625 0.35208333333333336
0 0.62890625 0.9197916666666667 0.2546875 0.33958333333333335
0 0.3796875 0.42291666666666666 0.25625 0.3416666666666667
0 0.88046875 0.4239583333333333 0.2578125 0.34375