2 0.38125 0.63125 0.196875 0.2625
0 0.63671875 0.8885416666666667 0.2078125 0.27708333333333335
1 0.8765625 0.9135416666666667 0.246875 0.32708333333333334
0 0.1265625 0.6708333333333333 0.253125 0.3375
2 0.378125 0.15625 0.234375 0.3125
0 0.87578125 0.6427083333333333 0.2140625 0.28541666666666665
0 0.87265625 0.16354166666666667 0.2453125 0.32708333333333334
0 0.634375 0.6541666666666667 0.228125 0.30416666666666664
2 0.37578125 0.9177083333333333 0.2515625 0.33541666666666664
2 0.12578125 0.16979166666666667 0.2515625 0.33541666666666664
2 0.62734375 0.41354166666666664 0.2421875 0.3229166666666667