0 0.89609375 0.6302083333333334 0.1953125 0.2604166666666667
0 0.3765625 0.9208333333333333 0.253125 0.3375
0 0.1234375 0.4166666666666667 0.246875 0.32916666666666666
2 0.63359375 0.6760416666666667 0.2640625 0.35208333333333336
2 0.6296875 0.425 0.259375 0.3458333333333333
0 0.12578125 0.665625 0.2484375 0.33125
0 0.1234375 0.16458333333333333 0.246875 0.32916666666666666
2 0.115625 0.8979166666666667 0.221875 0.29583333333333334
0 0.3703125 0.6458333333333334 0.215625 0.2875
2 0.40234375 0.37604166666666666 0.1828125 0.24375
2 0.8765625 0.41875 0.253125 0.3375
0 0.36953125 0.159375 0.2390625 0.31875
2 0.63515625 0.153125 0.2265625 0.3020833333333333