0 0.6171875 0.15625 0.234375 0.3125
0 0.12734375 0.921875 0.2546875 0.33958333333333335
2 0.89453125 0.12604166666666666 0.1828125 0.24375
0 0.62734375 0.921875 0.2546875 0.33958333333333335
0 0.38359375 0.15520833333333334 0.2328125 0.3104166666666667
2 0.12421875 0.6572916666666667 0.2328125 0.3104166666666667
2 0.87421875 0.646875 0.2171875 0.28958333333333336
0 0.371875 0.9104166666666667 0.2375 0.31666666666666665
0 0.88046875 0.384375 0.2015625 0.26875
2 0.88046875 0.9260416666666667 0.2609375 0.34791666666666665
2 0.12890625 0.4197916666666667 0.2546875 0.33958333333333335
2 0.62578125 0.6510416666666666 0.2234375 0.29791666666666666
1 0.60390625 0.3770833333333333 0.1890625 0.23333333333333334
2 0.37890625 0.671875 0.2578125 0.34375