2 0.60078125 0.634375 0.2015625 0.26875
0 0.37421875 0.665625 0.2484375 0.33125
0 0.38515625 0.153125 0.2265625 0.3020833333333333
0 0.628125 0.9208333333333333 0.253125 0.3375
0 0.86640625 0.6322916666666667 0.1953125 0.2604166666666667
0 0.60859375 0.37604166666666666 0.1859375 0.24791666666666667
0 0.37734375 0.9114583333333334 0.2421875 0.3229166666666667
0 0.38203125 0.42604166666666665 0.2609375 0.34791666666666665
0 0.11875 0.4041666666666667 0.23125 0.30833333333333335
2 0.875 0.13958333333333334 0.209375 0.2791666666666667
1 0.62734375 0.16875 0.2515625 0.3333333333333333
2 0.12578125 0.16770833333333332 0.2515625 0.33541666666666664
0 0.1265625 0.66875 0.253125 0.3375