2 0.13125 0.4083333333333333 0.234375 0.3125
0 0.12734375 0.16979166666666667 0.2546875 0.33958333333333335
2 0.62421875 0.415625 0.2484375 0.33125
0 0.6390625 0.88125 0.196875 0.2625
2 0.87890625 0.4197916666666667 0.2546875 0.33958333333333335
2 0.3703125 0.4041666666666667 0.228125 0.30416666666666664
0 0.8828125 0.15625 0.234375 0.3125
0 0.12734375 0.903125 0.2265625 0.3020833333333333
2 0.62734375 0.171875 0.2546875 0.33958333333333335
2 0.62265625 0.665625 0.2453125 0.32708333333333334
2 0.13046875 0.653125 0.2296875 0.30625
1 0.87890625 0.9197916666666667 0.2546875 0.33958333333333335
0 0.37265625 0.15729166666666666 0.2328125 0.3104166666666667
0 0.8734375 0.6625 0.24375 0.325