2 0.62265625 0.9135416666666667 0.2421875 0.3229166666666667
1 0.13515625 0.15625 0.2265625 0.3125
2 0.3859375 0.38333333333333336 0.2 0.26666666666666666
0 0.86484375 0.8989583333333333 0.2203125 0.29375
0 0.625 0.65 0.225 0.3
2 0.37890625 0.9239583333333333 0.2578125 0.34375
0 0.37109375 0.659375 0.2390625 0.31875
0 0.38046875 0.15520833333333334 0.2328125 0.3104166666666667
0 0.884375 0.15625 0.23125 0.30833333333333335
2 0.12734375 0.921875 0.2546875 0.33958333333333335
0 0.12890625 0.4197916666666667 0.2546875 0.33958333333333335
0 0.628125 0.1625 0.240625 0.32083333333333336
0 0.87734375 0.41770833333333335 0.2515625 0.33541666666666664