0 0.1140625 0.39166666666666666 0.209375 0.2791666666666667
2 0.63046875 0.9239583333333333 0.2609375 0.34791666666666665
2 0.12421875 0.16770833333333332 0.2484375 0.33125
2 0.1265625 0.9166666666666666 0.25 0.3333333333333333
0 0.87578125 0.16770833333333332 0.2515625 0.33541666666666664
1 0.63515625 0.1375 0.2140625 0.2708333333333333
2 0.62734375 0.39895833333333336 0.2234375 0.29791666666666666
1 0.8703125 0.38645833333333335 0.2125 0.26875
1 0.37734375 0.9208333333333333 0.2515625 0.3375
1 0.378125 0.16145833333333334 0.24375 0.31875
1 0.865625 0.6395833333333333 0.215625 0.275
0 0.62890625 0.671875 0.2578125 0.34375
0 0.86015625 0.896875 0.2171875 0.28958333333333336