2 0.85859375 0.8885416666666667 0.2046875 0.27291666666666664
0 0.884375 0.63125 0.196875 0.2625
1 0.625 0.42083333333333334 0.25 0.3375
1 0.375 0.4114583333333333 0.246875 0.3229166666666667
0 0.37734375 0.6697916666666667 0.2546875 0.33958333333333335
0 0.37421875 0.909375 0.2390625 0.31875
0 0.40546875 0.128125 0.1890625 0.2520833333333333
0 0.87890625 0.159375 0.2359375 0.3145833333333333
2 0.62578125 0.6677083333333333 0.2484375 0.33125
0 0.134375 0.8854166666666666 0.2 0.26666666666666666
2 0.12578125 0.40520833333333334 0.2328125 0.3104166666666667
2 0.13359375 0.678125 0.2640625 0.35208333333333336