0 0.88515625 0.890625 0.2109375 0.28125
2 0.12109375 0.153125 0.2296875 0.30625
0 0.35390625 0.8885416666666667 0.2046875 0.27291666666666664
2 0.8765625 0.625 0.18125 0.24166666666666667
0 0.625 0.9166666666666666 0.25 0.3333333333333333
0 0.89296875 0.390625 0.2109375 0.28125
0 0.87734375 0.15520833333333334 0.2328125 0.3104166666666667
2 0.11796875 0.646875 0.2171875 0.28958333333333336
2 0.61796875 0.653125 0.2265625 0.3020833333333333
0 0.13203125 0.42604166666666665 0.2609375 0.34791666666666665
0 0.63828125 0.15104166666666666 0.2234375 0.29791666666666666