2 0.37578125 0.659375 0.2390625 0.31875
0 0.86484375 0.6427083333333333 0.2109375 0.28125
1 0.6234375 0.16979166666666667 0.246875 0.33541666666666664
1 0.6234375 0.896875 0.225 0.28958333333333336
0 0.1046875 0.12916666666666668 0.190625 0.25416666666666665
0 0.38203125 0.9260416666666667 0.2609375 0.34791666666666665
0 0.12890625 0.921875 0.2546875 0.33958333333333335
2 0.12578125 0.665625 0.2484375 0.33125
2 0.1265625 0.40625 0.234375 0.3125
2 0.62890625 0.671875 0.2578125 0.34375
0 0.87734375 0.41770833333333335 0.2515625 0.33541666666666664
1 0.375 0.140625 0.221875 0.28125
1 0.8640625 0.8822916666666667 0.18125 0.2604166666666667