0 0.38125 0.15833333333333333 0.2375 0.31666666666666665
0 0.39375 0.3729166666666667 0.18125 0.24166666666666667
0 0.121875 0.6541666666666667 0.23125 0.30833333333333335
2 0.62109375 0.128125 0.1921875 0.25625
2 0.13046875 0.9260416666666667 0.2609375 0.34791666666666665
0 0.8796875 0.38125 0.19375 0.25833333333333336
2 0.6296875 0.6729166666666667 0.25625 0.3416666666666667
0 0.38203125 0.6760416666666667 0.2609375 0.34791666666666665
1 0.121875 0.153125 0.234375 0.3020833333333333
0 0.134375 0.40625 0.23125 0.30833333333333335
2 0.621875 0.9125 0.240625 0.32083333333333336
0 0.8625 0.14583333333333334 0.21875 0.2916666666666667
2 0.359375 0.8833333333333333 0.2 0.26666666666666666