0 0.121875 0.6291666666666667 0.190625 0.25416666666666665
0 0.12578125 0.4197916666666667 0.2515625 0.33541666666666664
0 0.38046875 0.671875 0.2578125 0.34375
2 0.128125 0.9229166666666667 0.25625 0.3416666666666667
0 0.63203125 0.17604166666666668 0.2609375 0.34791666666666665
0 0.87578125 0.41354166666666664 0.2453125 0.32708333333333334
2 0.62890625 0.6697916666666667 0.2546875 0.33958333333333335
2 0.13046875 0.15104166666666666 0.2265625 0.3020833333333333
2 0.39453125 0.140625 0.2078125 0.27708333333333335
2 0.64296875 0.3802083333333333 0.1953125 0.2604166666666667
2 0.3796875 0.4083333333333333 0.234375 0.3125
1 0.5984375 0.8895833333333333 0.196875 0.2791666666666667