2 0.3671875 0.8895833333333333 0.20625 0.275
0 0.378125 0.42083333333333334 0.253125 0.3375
2 0.8453125 0.375 0.184375 0.24583333333333332
0 0.87890625 0.9197916666666667 0.2546875 0.33958333333333335
2 0.62578125 0.6614583333333334 0.2421875 0.3229166666666667
0 0.63359375 0.9260416666666667 0.2640625 0.35208333333333336
2 0.1328125 0.15625 0.234375 0.3125
0 0.12734375 0.40729166666666666 0.2328125 0.3104166666666667
2 0.38125 0.6604166666666667 0.2375 0.31666666666666665
0 0.37734375 0.171875 0.2546875 0.33958333333333335
2 0.875 0.16666666666666666 0.25 0.3333333333333333
2 0.1203125 0.9104166666666667 0.2375 0.31666666666666665