1 0.375 0.665625 0.24375 0.32708333333333334
1 0.625 0.165625 0.25 0.32708333333333334
2 0.128125 0.40625 0.234375 0.3125
2 0.85546875 0.8864583333333333 0.2046875 0.27291666666666664
0 0.13203125 0.6760416666666667 0.2609375 0.34791666666666665
1 0.8703125 0.13333333333333333 0.184375 0.2625
0 0.11640625 0.15104166666666666 0.2265625 0.3020833333333333
0 0.88359375 0.6510416666666666 0.2265625 0.3020833333333333
0 0.37109375 0.41354166666666664 0.2421875 0.3229166666666667
0 0.60703125 0.38229166666666664 0.1953125 0.2604166666666667
0 0.87421875 0.41770833333333335 0.2484375 0.33125
0 0.12265625 0.9114583333333334 0.2390625 0.31875
0 0.6046875 0.8895833333333333 0.20625 0.275
0 0.359375 0.8916666666666667 0.209375 0.2791666666666667
0 0.3765625 0.16875 0.253125 0.3375