0 0.85 0.8770833333333333 0.190625 0.25416666666666665
0 0.62578125 0.4197916666666667 0.2515625 0.33541666666666664
0 0.1328125 0.17708333333333334 0.2625 0.35
0 0.87109375 0.659375 0.2390625 0.31875
1 0.625 0.165625 0.25 0.33125
0 0.35078125 0.13645833333333332 0.2015625 0.26875
0 0.625 0.9083333333333333 0.234375 0.3125
2 0.87578125 0.41770833333333335 0.2484375 0.33125
2 0.1265625 0.41041666666666665 0.240625 0.32083333333333336
1 0.121875 0.9 0.215625 0.3
2 0.12578125 0.6677083333333333 0.2484375 0.33125
1 0.3859375 0.653125 0.221875 0.30625