2 0.12578125 0.9197916666666667 0.2515625 0.33541666666666664
2 0.12421875 0.6447916666666667 0.2140625 0.28541666666666665
1 0.36875 0.13125 0.203125 0.25833333333333336
1 0.875 0.6489583333333333 0.209375 0.29375
2 0.38046875 0.4239583333333333 0.2609375 0.34791666666666665
1 0.86796875 0.9104166666666667 0.2296875 0.31666666666666665
0 0.63046875 0.153125 0.2265625 0.3020833333333333
2 0.87421875 0.165625 0.2484375 0.33125
2 0.62890625 0.9239583333333333 0.2578125 0.34375
2 0.11328125 0.15104166666666666 0.2265625 0.3020833333333333
0 0.875 0.4166666666666667 0.246875 0.32916666666666666
0 0.6234375 0.4166666666666667 0.246875 0.32916666666666666