0 0.3765625 0.66875 0.25 0.3333333333333333
2 0.63515625 0.8989583333333333 0.2203125 0.29375
2 0.12890625 0.4114583333333333 0.2421875 0.3229166666666667
0 0.125 0.9125 0.24375 0.325
2 0.8484375 0.375 0.178125 0.2375
0 0.621875 0.3854166666666667 0.203125 0.2708333333333333
0 0.88203125 0.17395833333333333 0.2609375 0.34791666666666665
0 0.12734375 0.6697916666666667 0.2515625 0.33541666666666664
0 0.375 0.1625 0.24375 0.325
0 0.8875 0.9 0.225 0.3
0 0.12109375 0.13020833333333334 0.1921875 0.25625
0 0.37578125 0.4197916666666667 0.2515625 0.33541666666666664
0 0.36640625 0.871875 0.1828125 0.24375
0 0.875 0.6666666666666666 0.25 0.3333333333333333
2 0.61484375 0.6427083333333333 0.2109375 0.28125
1 0.628125 0.16770833333333332 0.253125 0.33541666666666664