0 0.11640625 0.39895833333333336 0.2234375 0.29791666666666666
0 0.6265625 0.16666666666666666 0.25 0.3333333333333333
1 0.3734375 0.665625 0.240625 0.32708333333333334
0 0.878125 0.17083333333333334 0.253125 0.3375
2 0.621875 0.65625 0.234375 0.3125
0 0.85546875 0.3885416666666667 0.2046875 0.27291666666666664
2 0.37734375 0.9197916666666667 0.2515625 0.33541666666666664
0 0.36015625 0.128125 0.1890625 0.2520833333333333
2 0.12890625 0.921875 0.2546875 0.33958333333333335
1 0.8859375 0.6416666666666667 0.196875 0.2791666666666667
0 0.6296875 0.9208333333333333 0.25625 0.3416666666666667
0 0.1234375 0.15208333333333332 0.225 0.3
0 0.12734375 0.659375 0.2359375 0.3145833333333333