2 0.85546875 0.6385416666666667 0.2078125 0.27708333333333335
0 0.88203125 0.17395833333333333 0.2609375 0.34791666666666665
2 0.1296875 0.925 0.259375 0.3458333333333333
2 0.37109375 0.634375 0.2015625 0.26875
2 0.37890625 0.4114583333333333 0.2390625 0.31875
2 0.8765625 0.41875 0.25 0.3333333333333333
0 0.63125 0.13333333333333333 0.2 0.26666666666666666
0 0.1203125 0.375 0.1875 0.25
2 0.36875 0.9083333333333333 0.2375 0.31666666666666665
2 0.61640625 0.40520833333333334 0.2328125 0.3104166666666667
2 0.87734375 0.9135416666666667 0.2421875 0.3229166666666667
0 0.14140625 0.128125 0.1921875 0.25625