0 0.88125 0.15625 0.23125 0.30833333333333335
0 0.3828125 0.6770833333333334 0.2625 0.35
0 0.37265625 0.909375 0.2390625 0.31875
2 0.1328125 0.4270833333333333 0.2625 0.35
2 0.628125 0.91875 0.253125 0.3375
2 0.621875 0.14583333333333334 0.21875 0.2916666666666667
0 0.87265625 0.659375 0.2359375 0.3145833333333333
0 0.62890625 0.671875 0.2546875 0.33958333333333335
2 0.38046875 0.15729166666666666 0.2328125 0.3104166666666667
0 0.84140625 0.878125 0.1828125 0.24375
0 0.11875 0.8791666666666667 0.190625 0.25416666666666665
1 0.1296875 0.6697916666666667 0.25625 0.33958333333333335
2 0.13125 0.13125 0.19375 0.25833333333333336
0 0.8765625 0.4166666666666667 0.25 0.3333333333333333