0 0.38046875 0.6614583333333334 0.2390625 0.31875
0 0.88359375 0.17604166666666668 0.2640625 0.35208333333333336
2 0.62421875 0.915625 0.2484375 0.33125
1 0.37421875 0.38645833333333335 0.2171875 0.27291666666666664
2 0.12265625 0.146875 0.2203125 0.29375
2 0.62421875 0.665625 0.2484375 0.33125
2 0.88203125 0.9239583333333333 0.2609375 0.34791666666666665
0 0.12734375 0.6697916666666667 0.2546875 0.33958333333333335
1 0.625 0.16354166666666667 0.25 0.32708333333333334
0 0.88203125 0.6760416666666667 0.2640625 0.35208333333333336
0 0.621875 0.39166666666666666 0.2125 0.2833333333333333
2 0.88125 0.4270833333333333 0.2625 0.35
1 0.37890625 0.159375 0.2328125 0.31875