0 0.63125 0.9104166666666667 0.2375 0.31666666666666665
2 0.63203125 0.6760416666666667 0.2640625 0.35208333333333336
0 0.36640625 0.146875 0.2203125 0.29375
0 0.8703125 0.15625 0.234375 0.3125
0 0.87734375 0.4197916666666667 0.2546875 0.33958333333333335
0 0.1234375 0.1625 0.24375 0.325
2 0.62265625 0.15104166666666666 0.2234375 0.29791666666666666
0 0.86015625 0.8802083333333334 0.1921875 0.25625
2 0.38203125 0.6322916666666667 0.1953125 0.2604166666666667
0 0.13203125 0.9052083333333333 0.2328125 0.3104166666666667
2 0.37890625 0.4239583333333333 0.2578125 0.34375
0 0.10234375 0.6302083333333334 0.1921875 0.25625