0 0.13359375 0.12395833333333334 0.1859375 0.24791666666666667
0 0.13359375 0.678125 0.2640625 0.35208333333333336
0 0.634375 0.13333333333333333 0.196875 0.2625
2 0.6296875 0.6729166666666667 0.259375 0.3458333333333333
1 0.60625 0.8833333333333333 0.209375 0.26666666666666666
1 0.36875 0.14166666666666666 0.203125 0.2833333333333333
0 0.371875 0.41458333333333336 0.24375 0.325
0 0.90234375 0.8739583333333333 0.1859375 0.24791666666666667
0 0.86953125 0.15104166666666666 0.2265625 0.3020833333333333
0 0.12578125 0.41770833333333335 0.2515625 0.33541666666666664
0 0.36484375 0.8989583333333333 0.2234375 0.29791666666666666
0 0.871875 0.6645833333333333 0.24375 0.325