0 0.1046875 0.13958333333333334 0.209375 0.2791666666666667
0 0.6265625 0.9208333333333333 0.253125 0.3375
2 0.37890625 0.15729166666666666 0.2359375 0.3145833333333333
2 0.86953125 0.6552083333333333 0.2328125 0.3104166666666667
0 0.1234375 0.40208333333333335 0.225 0.3
0 0.63359375 0.3802083333333333 0.1921875 0.25625
0 0.88203125 0.4239583333333333 0.2609375 0.34791666666666665
0 0.88359375 0.178125 0.2640625 0.35208333333333336
1 0.12421875 0.66875 0.2484375 0.3333333333333333
0 0.86953125 0.903125 0.2296875 0.30625
2 0.14765625 0.8885416666666667 0.2046875 0.27291666666666664
2 0.6265625 0.6666666666666666 0.25 0.3333333333333333
1 0.625 0.165625 0.246875 0.33125