0 0.62734375 0.6697916666666667 0.2546875 0.33958333333333335
0 0.103125 0.13958333333333334 0.20625 0.275
0 0.62578125 0.40729166666666666 0.2328125 0.3104166666666667
0 0.634375 0.12291666666666666 0.184375 0.24583333333333332
0 0.378125 0.90625 0.234375 0.3125
1 0.125 0.9072916666666667 0.240625 0.3104166666666667
2 0.6328125 0.9270833333333334 0.2625 0.35
2 0.37265625 0.634375 0.2015625 0.26875
1 0.85625 0.3802083333333333 0.20625 0.2604166666666667
2 0.37421875 0.159375 0.2390625 0.31875
0 0.8671875 0.8958333333333334 0.21875 0.2916666666666667
1 0.375 0.4166666666666667 0.25 0.3333333333333333