2 0.37578125 0.165625 0.2453125 0.32708333333333334
2 0.628125 0.9208333333333333 0.253125 0.3375
2 0.3890625 0.3958333333333333 0.215625 0.2875
0 0.38359375 0.8885416666666667 0.2046875 0.27291666666666664
0 0.88125 0.8833333333333333 0.196875 0.2625
1 0.878125 0.41770833333333335 0.253125 0.33541666666666664
0 0.88984375 0.14479166666666668 0.2140625 0.28541666666666665
0 0.378125 0.65 0.225 0.3
0 0.13359375 0.928125 0.2640625 0.35208333333333336
2 0.1453125 0.3770833333333333 0.178125 0.2375
2 0.88515625 0.628125 0.1890625 0.2520833333333333
1 0.6265625 0.66875 0.253125 0.3333333333333333
0 0.12421875 0.16770833333333332 0.2484375 0.33125