0 0.88515625 0.640625 0.2109375 0.28125
0 0.125 0.16666666666666666 0.25 0.3333333333333333
2 0.86875 0.39166666666666666 0.209375 0.2791666666666667
2 0.37890625 0.16354166666666667 0.2421875 0.3229166666666667
2 0.62734375 0.640625 0.2109375 0.28125
0 0.128125 0.9104166666666667 0.2375 0.31666666666666665
0 0.12265625 0.41354166666666664 0.2421875 0.3229166666666667
2 0.6296875 0.9208333333333333 0.25625 0.3416666666666667
0 0.61328125 0.14479166666666668 0.2140625 0.28541666666666665
2 0.85546875 0.13645833333333332 0.2015625 0.26875
1 0.62109375 0.40729166666666666 0.2421875 0.3145833333333333
2 0.88046875 0.921875 0.2578125 0.34375
1 0.371875 0.6645833333333333 0.24375 0.32916666666666666
0 0.38203125 0.9260416666666667 0.2609375 0.34791666666666665
0 0.12734375 0.6697916666666667 0.2546875 0.33958333333333335
0 0.3765625 0.4166666666666667 0.246875 0.32916666666666666