1 0.3734375 0.41875 0.246875 0.3333333333333333
2 0.14375 0.6270833333333333 0.190625 0.25416666666666665
0 0.125 0.4083333333333333 0.2375 0.31666666666666665
0 0.8609375 0.39375 0.2125 0.2833333333333333
2 0.61796875 0.3927083333333333 0.2109375 0.28125
0 0.8578125 0.8770833333333333 0.1875 0.25
0 0.88125 0.6333333333333333 0.196875 0.2625
0 0.8765625 0.15416666666666667 0.23125 0.30833333333333335
1 0.6140625 0.9041666666666667 0.225 0.30833333333333335
2 0.37734375 0.16979166666666667 0.2515625 0.33541666666666664
2 0.37421875 0.665625 0.2484375 0.33125
0 0.37734375 0.8947916666666667 0.2140625 0.28541666666666665
2 0.62578125 0.628125 0.1921875 0.25625