1 0.37734375 0.4083333333333333 0.2421875 0.3125
0 0.12890625 0.14270833333333333 0.2140625 0.28541666666666665
1 0.87734375 0.9197916666666667 0.2515625 0.33541666666666664
2 0.87421875 0.6677083333333333 0.2484375 0.33125
2 0.621875 0.37916666666666665 0.178125 0.2375
2 0.87734375 0.16979166666666667 0.2546875 0.33958333333333335
0 0.6203125 0.16041666666666668 0.2375 0.31666666666666665
0 0.63984375 0.8947916666666667 0.2171875 0.28958333333333336
0 0.378125 0.6604166666666667 0.240625 0.32083333333333336
1 0.1265625 0.66875 0.246875 0.3333333333333333
0 0.1265625 0.4041666666666667 0.228125 0.30416666666666664