2 0.3796875 0.9229166666666667 0.25625 0.3416666666666667
0 0.3765625 0.17083333333333334 0.253125 0.3375
2 0.62734375 0.16770833333333332 0.2515625 0.33541666666666664
0 0.62890625 0.6739583333333333 0.2578125 0.34375
0 0.12109375 0.15729166666666666 0.2328125 0.3104166666666667
0 0.3875 0.39375 0.2125 0.2833333333333333
2 0.63125 0.925 0.2625 0.35
0 0.128125 0.6708333333333333 0.25625 0.3416666666666667
0 0.125 0.9145833333333333 0.246875 0.32916666666666666
2 0.875 0.16458333333333333 0.246875 0.32916666666666666
2 0.86015625 0.39895833333333336 0.2203125 0.29375