2 0.62578125 0.16354166666666667 0.2421875 0.3229166666666667
2 0.62734375 0.4197916666666667 0.2546875 0.33958333333333335
2 0.13359375 0.17604166666666668 0.2640625 0.35208333333333336
1 0.8875 0.15520833333333334 0.21875 0.30625
0 0.13203125 0.896875 0.2171875 0.28958333333333336
0 0.14296875 0.628125 0.1890625 0.2520833333333333
0 0.871875 0.65625 0.23125 0.30833333333333335
2 0.37734375 0.671875 0.2546875 0.33958333333333335
1 0.6265625 0.9166666666666666 0.253125 0.3333333333333333
0 0.3859375 0.15208333333333332 0.228125 0.30416666666666664
0 0.628125 0.6625 0.24375 0.325
0 0.3671875 0.4 0.225 0.3
0 0.88203125 0.4239583333333333 0.2609375 0.34791666666666665