0 0.8859375 0.15416666666666667 0.228125 0.30416666666666664
0 0.3484375 0.6270833333333333 0.1875 0.25
0 0.63515625 0.634375 0.1984375 0.26458333333333334
0 0.61640625 0.40520833333333334 0.2328125 0.3104166666666667
2 0.62421875 0.890625 0.2078125 0.27708333333333335
1 0.38125 0.13333333333333333 0.1875 0.26666666666666666
0 0.37890625 0.421875 0.2546875 0.33958333333333335
0 0.878125 0.9020833333333333 0.225 0.3
2 0.38046875 0.9239583333333333 0.2578125 0.34375
0 0.13359375 0.42604166666666665 0.2640625 0.35208333333333336
0 0.8828125 0.39375 0.215625 0.2875
0 0.12734375 0.6677083333333333 0.2515625 0.33541666666666664
0 0.62265625 0.165625 0.2453125 0.32708333333333334
0 0.13515625 0.890625 0.2078125 0.27708333333333335
0 0.878125 0.6729166666666667 0.25625 0.3416666666666667
0 0.11640625 0.14270833333333333 0.2140625 0.28541666666666665