1 0.12265625 0.409375 0.2328125 0.31875
1 0.87890625 0.909375 0.2359375 0.31875
2 0.878125 0.6625 0.240625 0.32083333333333336
1 0.85859375 0.384375 0.1890625 0.26875
2 0.1234375 0.9166666666666666 0.246875 0.32916666666666666
2 0.62578125 0.16354166666666667 0.2453125 0.32708333333333334
0 0.6296875 0.675 0.259375 0.3458333333333333
2 0.36640625 0.13854166666666667 0.2078125 0.27708333333333335
1 0.62421875 0.42083333333333334 0.2484375 0.3375
1 0.3765625 0.6666666666666666 0.25 0.3333333333333333
2 0.87734375 0.13854166666666667 0.2046875 0.27291666666666664
0 0.39765625 0.378125 0.1890625 0.2520833333333333