0 0.1171875 0.15625 0.23125 0.30833333333333335
0 0.86796875 0.14270833333333333 0.2109375 0.28125
0 0.3796875 0.15208333333333332 0.225 0.3
0 0.378125 0.6729166666666667 0.25625 0.3416666666666667
2 0.3765625 0.91875 0.253125 0.3375
2 0.62890625 0.4197916666666667 0.2546875 0.33958333333333335
2 0.6234375 0.6666666666666666 0.246875 0.32916666666666666
0 0.1296875 0.90625 0.23125 0.30833333333333335
2 0.628125 0.9125 0.240625 0.32083333333333336
2 0.13203125 0.6447916666666667 0.2171875 0.28958333333333336
1 0.90390625 0.63125 0.1921875 0.2375