1 0.378125 0.16041666666666668 0.24375 0.32083333333333336
0 0.87265625 0.9052083333333333 0.2328125 0.3104166666666667
0 0.878125 0.42083333333333334 0.25625 0.3416666666666667
0 0.12109375 0.3927083333333333 0.2109375 0.28125
0 0.12578125 0.6697916666666667 0.2515625 0.33541666666666664
0 0.62734375 0.16979166666666667 0.2546875 0.33958333333333335
1 0.35625 0.646875 0.2125 0.29375
0 0.09765625 0.13229166666666667 0.1953125 0.2604166666666667
0 0.61640625 0.8864583333333333 0.2046875 0.27291666666666664
0 0.6375 0.4 0.225 0.3
0 0.878125 0.14583333333333334 0.21875 0.2916666666666667