0 0.86171875 0.890625 0.2078125 0.27708333333333335
0 0.6203125 0.9125 0.240625 0.32083333333333336
0 0.64140625 0.37395833333333334 0.1828125 0.24375
0 0.37890625 0.17395833333333333 0.2578125 0.34375
2 0.6578125 0.12916666666666668 0.18125 0.24166666666666667
2 0.37578125 0.909375 0.2390625 0.31875
0 0.1515625 0.37916666666666665 0.190625 0.25416666666666665
2 0.86484375 0.653125 0.2296875 0.30625
2 0.37578125 0.41770833333333335 0.2484375 0.33125
1 0.6453125 0.640625 0.2 0.28125
2 0.35390625 0.628125 0.1796875 0.23958333333333334
0 0.128125 0.17083333333333334 0.25625 0.3416666666666667
2 0.1296875 0.9041666666666667 0.228125 0.30416666666666664