0 0.37734375 0.6697916666666667 0.2546875 0.33958333333333335
0 0.6203125 0.8833333333333333 0.2 0.26666666666666666
2 0.37734375 0.16979166666666667 0.2515625 0.33541666666666664
0 0.86171875 0.6364583333333333 0.2015625 0.26875
0 0.134375 0.40208333333333335 0.225 0.3
0 0.1171875 0.65 0.225 0.3
0 0.87265625 0.409375 0.2390625 0.31875
0 0.125 0.9020833333333333 0.225 0.3
1 0.36328125 0.4041666666666667 0.2234375 0.30833333333333335
1 0.12734375 0.16145833333333334 0.2453125 0.3229166666666667
2 0.87890625 0.171875 0.2546875 0.33958333333333335
2 0.61953125 0.6322916666666667 0.1953125 0.2604166666666667
1 0.6234375 0.4041666666666667 0.234375 0.30416666666666664
2 0.85859375 0.8947916666666667 0.2140625 0.28541666666666665