2 0.1046875 0.3854166666666667 0.2 0.26666666666666666
2 0.12734375 0.171875 0.2546875 0.33958333333333335
0 0.8765625 0.42083333333333334 0.253125 0.3375
0 0.14609375 0.6322916666666667 0.1953125 0.2604166666666667
2 0.859375 0.14791666666666667 0.21875 0.2916666666666667
0 0.1125 0.9020833333333333 0.225 0.3
2 0.39296875 0.628125 0.1921875 0.25625
0 0.6265625 0.91875 0.253125 0.3375
1 0.38359375 0.8947916666666667 0.2046875 0.28541666666666665
0 0.38203125 0.3802083333333333 0.1796875 0.23958333333333334
0 0.63359375 0.3802083333333333 0.1953125 0.2604166666666667
0 0.6328125 0.65625 0.234375 0.3125
2 0.38359375 0.17604166666666668 0.2640625 0.35208333333333336
0 0.8765625 0.66875 0.253125 0.3375