0 0.121875 0.8979166666666667 0.21875 0.2916666666666667
0 0.88125 0.125 0.18125 0.24166666666666667
0 0.63359375 0.678125 0.2640625 0.35208333333333336
1 0.64453125 0.38333333333333336 0.2078125 0.2625
0 0.13203125 0.40729166666666666 0.2359375 0.3145833333333333
2 0.37578125 0.6677083333333333 0.2515625 0.33541666666666664
2 0.37890625 0.9239583333333333 0.2578125 0.34375
0 0.6203125 0.1625 0.240625 0.32083333333333336
2 0.88828125 0.384375 0.1984375 0.26458333333333334
0 0.61796875 0.8822916666666667 0.1953125 0.2604166666666667
0 0.13203125 0.6572916666666667 0.2359375 0.3145833333333333
0 0.86015625 0.6260416666666667 0.1890625 0.2520833333333333
2 0.37421875 0.41770833333333335 0.2484375 0.33125
1 0.8875 0.89375 0.203125 0.2833333333333333
0 0.11171875 0.12395833333333334 0.1828125 0.24375