1 0.1203125 0.15208333333333332 0.23125 0.3
2 0.88046875 0.4239583333333333 0.2609375 0.34791666666666665
2 0.37578125 0.9114583333333334 0.2421875 0.3229166666666667
2 0.12734375 0.40520833333333334 0.2296875 0.30625
0 0.12421875 0.9114583333333334 0.2390625 0.31875
0 0.12890625 0.6614583333333334 0.2390625 0.31875
2 0.35703125 0.3885416666666667 0.2046875 0.27291666666666664
2 0.62578125 0.6677083333333333 0.2484375 0.33125
0 0.62578125 0.16770833333333332 0.2484375 0.33125
2 0.87578125 0.9177083333333333 0.2515625 0.33541666666666664
0 0.38046875 0.6364583333333333 0.2046875 0.27291666666666664