1 0.9078125 0.634375 0.184375 0.26458333333333334
0 0.36328125 0.6510416666666666 0.2234375 0.29791666666666666
0 0.1265625 0.4166666666666667 0.25 0.3333333333333333
0 0.87421875 0.16770833333333332 0.2484375 0.33125
0 0.3859375 0.15208333333333332 0.228125 0.30416666666666664
0 0.12578125 0.165625 0.2484375 0.33125
0 0.62734375 0.6239583333333333 0.1796875 0.23958333333333334
2 0.35859375 0.8760416666666667 0.1765625 0.23541666666666666
0 0.38046875 0.4239583333333333 0.2609375 0.34791666666666665
2 0.125 0.91875 0.25 0.3333333333333333
0 0.12421875 0.6635416666666667 0.2453125 0.32708333333333334
2 0.63125 0.17291666666666666 0.259375 0.3458333333333333