2 0.146875 0.38333333333333336 0.196875 0.2625
2 0.87578125 0.41770833333333335 0.2484375 0.33125
2 0.38046875 0.6510416666666666 0.2265625 0.3020833333333333
1 0.61484375 0.6541666666666667 0.2234375 0.30833333333333335
0 0.621875 0.9083333333333333 0.2375 0.31666666666666665
2 0.3796875 0.9229166666666667 0.25625 0.3416666666666667
0 0.88671875 0.896875 0.2171875 0.28958333333333336
2 0.1265625 0.16875 0.253125 0.3375
2 0.88515625 0.13854166666666667 0.2046875 0.27291666666666664
2 0.62421875 0.41770833333333335 0.2484375 0.33125
0 0.6265625 0.17083333333333334 0.253125 0.3375
0 0.384375 0.4041666666666667 0.228125 0.30416666666666664
2 0.3609375 0.14791666666666667 0.221875 0.29583333333333334