2 0.87265625 0.909375 0.2359375 0.3145833333333333
2 0.12734375 0.6697916666666667 0.2515625 0.33541666666666664
0 0.6234375 0.6604166666666667 0.240625 0.32083333333333336
2 0.62421875 0.915625 0.2484375 0.33125
0 0.60859375 0.37395833333333334 0.1859375 0.24791666666666667
0 0.875 0.6604166666666667 0.240625 0.32083333333333336
2 0.88046875 0.17604166666666668 0.2609375 0.34791666666666665
0 0.8609375 0.39375 0.2125 0.2833333333333333
2 0.63359375 0.14479166666666668 0.2140625 0.28541666666666665
1 0.140625 0.1375 0.190625 0.2708333333333333
1 0.384375 0.15208333333333332 0.21875 0.3
0 0.39921875 0.384375 0.1984375 0.26458333333333334
2 0.1265625 0.91875 0.25 0.3333333333333333