0 0.87578125 0.415625 0.2484375 0.33125
1 0.86875 0.14375 0.203125 0.2833333333333333
0 0.375 0.66875 0.25 0.3333333333333333
0 0.628125 0.17291666666666666 0.25625 0.3416666666666667
0 0.65234375 0.8760416666666667 0.1890625 0.2520833333333333
0 0.60078125 0.38229166666666664 0.1953125 0.2604166666666667
1 0.87734375 0.9197916666666667 0.2515625 0.33541666666666664
1 0.11171875 0.6520833333333333 0.2203125 0.30416666666666664
2 0.13984375 0.128125 0.1890625 0.2520833333333333
1 0.625 0.6666666666666666 0.25 0.3333333333333333
0 0.88046875 0.6760416666666667 0.2609375 0.34791666666666665
0 0.12421875 0.8885416666666667 0.2078125 0.27708333333333335
2 0.3734375 0.16041666666666668 0.2375 0.31666666666666665
0 0.37421875 0.4114583333333333 0.2421875 0.3229166666666667
0 0.3765625 0.91875 0.25 0.3333333333333333