0 0.86171875 0.14895833333333333 0.2234375 0.29791666666666666
2 0.38359375 0.178125 0.2640625 0.35208333333333336
2 0.86875 0.6583333333333333 0.234375 0.3125
0 0.1265625 0.4125 0.24375 0.325
0 0.871875 0.41458333333333336 0.24375 0.325
2 0.6484375 0.37916666666666665 0.190625 0.25416666666666665
0 0.6265625 0.15833333333333333 0.2375 0.31666666666666665
2 0.38125 0.425 0.259375 0.3458333333333333
0 0.36796875 0.6552083333333333 0.2328125 0.3104166666666667
2 0.8796875 0.9229166666666667 0.25625 0.3416666666666667
2 0.62265625 0.8864583333333333 0.2046875 0.27291666666666664