0 0.38203125 0.15729166666666666 0.2359375 0.3145833333333333
2 0.13828125 0.896875 0.2203125 0.29375
2 0.87890625 0.14270833333333333 0.2109375 0.28125
0 0.3671875 0.40625 0.234375 0.3125
1 0.36953125 0.659375 0.2328125 0.31875
1 0.375 0.9145833333333333 0.25 0.32916666666666666
1 0.1265625 0.16666666666666666 0.246875 0.3333333333333333
0 0.12109375 0.384375 0.1984375 0.26458333333333334
2 0.61875 0.8791666666666667 0.19375 0.25833333333333336
0 0.88515625 0.37604166666666666 0.1890625 0.2520833333333333
1 0.87734375 0.6645833333333333 0.2515625 0.32916666666666666
1 0.11875 0.6395833333333333 0.21875 0.2791666666666667
0 0.62265625 0.3885416666666667 0.2046875 0.27291666666666664