2 0.6328125 0.1375 0.203125 0.2708333333333333
2 0.62421875 0.915625 0.2484375 0.33125
0 0.12421875 0.13645833333333332 0.2046875 0.27291666666666664
2 0.12734375 0.9010416666666666 0.2234375 0.29791666666666666
0 0.62421875 0.41770833333333335 0.2484375 0.33125
0 0.12890625 0.671875 0.2546875 0.33958333333333335
0 0.3734375 0.6666666666666666 0.246875 0.32916666666666666
2 0.11953125 0.4010416666666667 0.2265625 0.3020833333333333
2 0.8734375 0.15416666666666667 0.228125 0.30416666666666664
0 0.878125 0.41875 0.253125 0.3375
0 0.625 0.6645833333333333 0.246875 0.32916666666666666
0 0.3703125 0.4041666666666667 0.23125 0.30833333333333335
1 0.878125 0.66875 0.253125 0.3375
2 0.8765625 0.9166666666666666 0.25 0.3333333333333333