0 0.62890625 0.4197916666666667 0.2546875 0.33958333333333335
0 0.62109375 0.14270833333333333 0.2140625 0.28541666666666665
1 0.6203125 0.8854166666666666 0.2125 0.2708333333333333
0 0.875 0.9145833333333333 0.246875 0.32916666666666666
2 0.11484375 0.4010416666666667 0.2234375 0.29791666666666666
1 0.378125 0.9197916666666667 0.253125 0.33958333333333335
1 0.878125 0.415625 0.240625 0.32708333333333334
0 0.378125 0.16875 0.253125 0.3375
2 0.1328125 0.9041666666666667 0.228125 0.30416666666666664
2 0.8765625 0.6625 0.24375 0.325
2 0.6125 0.6291666666666667 0.19375 0.25833333333333336
2 0.1265625 0.16875 0.253125 0.3375
2 0.86171875 0.146875 0.2171875 0.28958333333333336
0 0.1296875 0.6729166666666667 0.259375 0.3458333333333333