2 0.63828125 0.8947916666666667 0.2171875 0.28958333333333336
2 0.37890625 0.421875 0.2578125 0.34375
1 0.3671875 0.14583333333333334 0.228125 0.2916666666666667
1 0.1265625 0.6541666666666667 0.234375 0.30416666666666664
0 0.11875 0.39791666666666664 0.21875 0.2916666666666667
1 0.6234375 0.153125 0.221875 0.30625
2 0.37578125 0.915625 0.2484375 0.33125
1 0.1234375 0.165625 0.24375 0.33125
0 0.11640625 0.8947916666666667 0.2140625 0.28541666666666665
2 0.8765625 0.8729166666666667 0.184375 0.24583333333333332
2 0.634375 0.40208333333333335 0.228125 0.30416666666666664
1 0.8734375 0.41458333333333336 0.246875 0.32916666666666666
0 0.62421875 0.665625 0.2484375 0.33125