0 0.1265625 0.16666666666666666 0.246875 0.32916666666666666
1 0.12109375 0.4125 0.2328125 0.32083333333333336
2 0.63203125 0.6572916666666667 0.2328125 0.3104166666666667
1 0.865625 0.40208333333333335 0.21875 0.3
2 0.3828125 0.9270833333333334 0.2625 0.35
0 0.38203125 0.6302083333333334 0.1953125 0.2604166666666667
0 0.87578125 0.665625 0.2484375 0.33125
1 0.625 0.415625 0.25 0.32708333333333334
0 0.13125 0.9 0.221875 0.29583333333333334
0 0.8890625 0.8895833333333333 0.209375 0.2791666666666667
0 0.37734375 0.16979166666666667 0.2546875 0.33958333333333335
1 0.1265625 0.6625 0.234375 0.32083333333333336
2 0.38359375 0.42604166666666665 0.2640625 0.35208333333333336
0 0.87265625 0.16145833333333334 0.2390625 0.31875