1 0.3734375 0.659375 0.246875 0.31875
0 0.37890625 0.16145833333333334 0.2390625 0.31875
0 0.1265625 0.41458333333333336 0.24375 0.325
1 0.37734375 0.41458333333333336 0.2515625 0.32916666666666666
2 0.6296875 0.6729166666666667 0.25625 0.3416666666666667
2 0.13359375 0.9260416666666667 0.2640625 0.35208333333333336
1 0.85625 0.39895833333333336 0.209375 0.29375
1 0.3734375 0.9125 0.2375 0.32083333333333336
1 0.875 0.9166666666666666 0.25 0.32916666666666666
1 0.6359375 0.8927083333333333 0.225 0.28541666666666665
1 0.625 0.41770833333333335 0.25 0.33125
2 0.85390625 0.13020833333333334 0.1953125 0.2604166666666667
0 0.12578125 0.665625 0.2484375 0.33125