0 0.8765625 0.6666666666666666 0.25 0.3333333333333333
2 0.36484375 0.903125 0.2265625 0.3020833333333333
0 0.6296875 0.6708333333333333 0.25625 0.3416666666666667
0 0.36796875 0.3927083333333333 0.2140625 0.28541666666666665
0 0.87890625 0.153125 0.2296875 0.30625
2 0.64453125 0.3885416666666667 0.2078125 0.27708333333333335
0 0.62890625 0.9239583333333333 0.2578125 0.34375
2 0.871875 0.4041666666666667 0.23125 0.30833333333333335
0 0.1203125 0.41041666666666665 0.240625 0.32083333333333336
2 0.125 0.16458333333333333 0.24375 0.325
0 0.8734375 0.9125 0.24375 0.325
0 0.36484375 0.15520833333333334 0.2296875 0.30625