1 0.8765625 0.9052083333333333 0.2375 0.30625
2 0.37265625 0.16145833333333334 0.2421875 0.3229166666666667
0 0.8875 0.375 0.1875 0.25
2 0.3765625 0.8958333333333334 0.215625 0.2875
1 0.6421875 0.8989583333333333 0.209375 0.29375
2 0.61953125 0.16145833333333334 0.2390625 0.31875
2 0.61875 0.65625 0.23125 0.30833333333333335
1 0.3625 0.6458333333333334 0.209375 0.2916666666666667
2 0.87734375 0.15729166666666666 0.2328125 0.3104166666666667
0 0.875 0.6625 0.24375 0.325
0 0.1171875 0.8895833333333333 0.20625 0.275
1 0.15078125 0.12916666666666668 0.1953125 0.24166666666666667
0 0.13046875 0.4010416666666667 0.2265625 0.3020833333333333
0 0.378125 0.42083333333333334 0.25625 0.3416666666666667