0 0.3796875 0.9104166666666667 0.2375 0.31666666666666665
2 0.11328125 0.6489583333333333 0.2203125 0.29375
2 0.1296875 0.9229166666666667 0.25625 0.3416666666666667
1 0.375 0.6583333333333333 0.240625 0.31666666666666665
2 0.13046875 0.42604166666666665 0.2609375 0.34791666666666665
0 0.87578125 0.9177083333333333 0.2515625 0.33541666666666664
2 0.37109375 0.16145833333333334 0.2421875 0.3229166666666667
2 0.6140625 0.3854166666666667 0.203125 0.2708333333333333
2 0.621875 0.9125 0.24375 0.325
1 0.878125 0.66875 0.253125 0.3375
2 0.1375 0.15 0.225 0.3
1 0.62578125 0.16354166666666667 0.2484375 0.32708333333333334