0 0.38671875 0.6260416666666667 0.1890625 0.2520833333333333
0 0.62578125 0.16770833333333332 0.2515625 0.33541666666666664
0 0.10859375 0.38229166666666664 0.1953125 0.2604166666666667
0 0.37265625 0.415625 0.2453125 0.32708333333333334
2 0.88125 0.42291666666666666 0.259375 0.3458333333333333
2 0.6234375 0.4083333333333333 0.2375 0.31666666666666665
0 0.11328125 0.13854166666666667 0.2078125 0.27708333333333335
0 0.12109375 0.9010416666666666 0.2265625 0.3020833333333333
0 0.88671875 0.884375 0.1984375 0.26458333333333334
0 0.38359375 0.896875 0.2171875 0.28958333333333336
1 0.87421875 0.16041666666666668 0.2453125 0.32083333333333336
2 0.625 0.9166666666666666 0.25 0.3333333333333333
0 0.88203125 0.6510416666666666 0.2265625 0.3020833333333333