0 0.62265625 0.165625 0.2453125 0.32708333333333334
2 0.6203125 0.8979166666666667 0.221875 0.29583333333333334
0 0.36171875 0.8822916666666667 0.1984375 0.26458333333333334
2 0.1296875 0.17291666666666666 0.259375 0.3458333333333333
0 0.62421875 0.39895833333333336 0.2234375 0.29791666666666666
0 0.39921875 0.6364583333333333 0.2015625 0.26875
0 0.1015625 0.8854166666666666 0.203125 0.2708333333333333
0 0.8703125 0.9104166666666667 0.240625 0.32083333333333336
0 0.884375 0.15416666666666667 0.23125 0.30833333333333335
2 0.87890625 0.659375 0.2390625 0.31875
2 0.1203125 0.6625 0.240625 0.32083333333333336
0 0.37578125 0.4114583333333333 0.2421875 0.3229166666666667
2 0.37421875 0.16770833333333332 0.2484375 0.33125
2 0.640625 0.6354166666666666 0.2 0.26666666666666666