2 0.62578125 0.6677083333333333 0.2484375 0.33125
0 0.3640625 0.63125 0.19375 0.25833333333333336
2 0.375 0.38333333333333336 0.196875 0.2625
0 0.34765625 0.878125 0.1796875 0.23958333333333334
0 0.62265625 0.140625 0.2109375 0.28125
1 0.6296875 0.8802083333333334 0.18125 0.2604166666666667
0 0.87421875 0.915625 0.2453125 0.32708333333333334
1 0.8734375 0.1625 0.246875 0.32083333333333336
1 0.88203125 0.3875 0.2171875 0.275
1 0.3703125 0.15104166666666666 0.23125 0.29791666666666666
0 0.12734375 0.165625 0.2453125 0.32708333333333334
0 0.1296875 0.42291666666666666 0.25625 0.3416666666666667