0 0.6265625 0.15833333333333333 0.2375 0.31666666666666665
0 0.6265625 0.4166666666666667 0.25 0.3333333333333333
0 0.378125 0.9229166666666667 0.25625 0.3416666666666667
2 0.62421875 0.9052083333333333 0.2328125 0.3104166666666667
0 0.38984375 0.128125 0.1828125 0.24375
1 0.378125 0.6510416666666666 0.234375 0.29791666666666666
0 0.125 0.6645833333333333 0.246875 0.32916666666666666
0 0.628125 0.63125 0.19375 0.25833333333333336
0 0.12109375 0.903125 0.2265625 0.3020833333333333
0 0.878125 0.16458333333333333 0.24375 0.325
2 0.8828125 0.4083333333333333 0.234375 0.3125
0 0.1296875 0.4083333333333333 0.234375 0.3125
2 0.37890625 0.4114583333333333 0.2390625 0.31875
1 0.8546875 0.878125 0.178125 0.2520833333333333
2 0.86171875 0.6260416666666667 0.1796875 0.23958333333333334