0 0.12578125 0.165625 0.2484375 0.33125
0 0.8671875 0.90625 0.234375 0.3125
2 0.13203125 0.640625 0.2109375 0.28125
0 0.88046875 0.42604166666666665 0.2609375 0.34791666666666665
2 0.8984375 0.6270833333333333 0.190625 0.25416666666666665
0 0.6375 0.875 0.1875 0.25
0 0.37578125 0.665625 0.2484375 0.33125
0 0.35234375 0.8739583333333333 0.1828125 0.24375
2 0.37734375 0.41770833333333335 0.2515625 0.33541666666666664
2 0.61640625 0.6260416666666667 0.1859375 0.24791666666666667
1 0.875 0.16458333333333333 0.25 0.32916666666666666
0 0.63828125 0.39479166666666665 0.2171875 0.28958333333333336
0 0.3734375 0.16458333333333333 0.246875 0.32916666666666666
1 0.62421875 0.16458333333333333 0.2484375 0.325