0 0.61640625 0.628125 0.1796875 0.23958333333333334
0 0.875 0.6645833333333333 0.24375 0.325
2 0.121875 0.16041666666666668 0.240625 0.32083333333333336
0 0.13203125 0.42604166666666665 0.2609375 0.34791666666666665
0 0.35703125 0.8885416666666667 0.2078125 0.27708333333333335
0 0.865625 0.12708333333333333 0.190625 0.25416666666666665
0 0.86875 0.40208333333333335 0.225 0.3
0 0.36484375 0.14895833333333333 0.2203125 0.29375
0 0.8828125 0.8958333333333334 0.21875 0.2916666666666667
0 0.134375 0.9041666666666667 0.228125 0.30416666666666664
1 0.378125 0.415625 0.253125 0.33125
2 0.12890625 0.6697916666666667 0.2546875 0.33958333333333335
2 0.6265625 0.9166666666666666 0.25 0.3333333333333333
1 0.6265625 0.415625 0.253125 0.33125
1 0.371875 0.665625 0.2375 0.32708333333333334