2 0.12734375 0.4114583333333333 0.2421875 0.3229166666666667
2 0.87265625 0.6197916666666666 0.1796875 0.23958333333333334
2 0.3765625 0.91875 0.25 0.3333333333333333
2 0.384375 0.64375 0.2125 0.2833333333333333
2 0.8828125 0.90625 0.234375 0.3125
0 0.38125 0.3958333333333333 0.21875 0.2916666666666667
1 0.62890625 0.16979166666666667 0.2546875 0.33958333333333335
2 0.87109375 0.159375 0.2359375 0.3145833333333333
2 0.3671875 0.15208333333333332 0.228125 0.30416666666666664
0 0.13125 0.925 0.2625 0.35
1 0.61484375 0.6510416666666666 0.2140625 0.29791666666666666
2 0.628125 0.42083333333333334 0.253125 0.3375
0 0.6171875 0.9020833333333333 0.228125 0.30416666666666664