2 0.10703125 0.6447916666666667 0.2140625 0.28541666666666665
0 0.36328125 0.396875 0.2203125 0.29375
0 0.61875 0.15833333333333333 0.234375 0.3125
0 0.1234375 0.90625 0.234375 0.3125
2 0.87109375 0.903125 0.2296875 0.30625
2 0.34453125 0.128125 0.1890625 0.2520833333333333
0 0.875 0.16875 0.25 0.3333333333333333
1 0.121875 0.16145833333333334 0.24375 0.31875
2 0.90390625 0.6260416666666667 0.1828125 0.24375
0 0.121875 0.41041666666666665 0.240625 0.32083333333333336
2 0.6171875 0.9083333333333333 0.234375 0.3125
0 0.62265625 0.39895833333333336 0.2203125 0.29375
2 0.628125 0.66875 0.253125 0.3375
0 0.87265625 0.40520833333333334 0.2328125 0.3104166666666667
2 0.39921875 0.884375 0.2015625 0.26875