0 0.615625 0.6458333333333334 0.21875 0.2916666666666667
2 0.1140625 0.13125 0.196875 0.2625
0 0.88046875 0.6739583333333333 0.2578125 0.34375
0 0.134375 0.65 0.221875 0.29583333333333334
0 0.87734375 0.9114583333333334 0.2421875 0.3229166666666667
0 0.62734375 0.8760416666666667 0.1859375 0.24791666666666667
0 0.8609375 0.39166666666666666 0.2125 0.2833333333333333
0 0.125 0.9145833333333333 0.246875 0.32916666666666666
0 0.13203125 0.42604166666666665 0.2609375 0.34791666666666665
1 0.37578125 0.4166666666666667 0.2515625 0.32916666666666666
0 0.3734375 0.14583333333333334 0.215625 0.2875
0 0.6296875 0.17083333333333334 0.25625 0.3416666666666667
0 0.38515625 0.9010416666666666 0.2234375 0.29791666666666666
0 0.3765625 0.66875 0.25 0.3333333333333333