1 0.39921875 0.3802083333333333 0.1828125 0.2604166666666667
1 0.87734375 0.91875 0.2515625 0.3333333333333333
0 0.87578125 0.15520833333333334 0.2328125 0.3104166666666667
0 0.13984375 0.8885416666666667 0.2046875 0.27291666666666664
0 0.1265625 0.16875 0.253125 0.3375
2 0.39375 0.8854166666666666 0.2 0.26666666666666666
2 0.13046875 0.6739583333333333 0.2578125 0.34375
0 0.11328125 0.3885416666666667 0.2046875 0.27291666666666664
0 0.88203125 0.6760416666666667 0.2609375 0.34791666666666665
2 0.625 0.4166666666666667 0.25 0.3333333333333333
2 0.3484375 0.12708333333333333 0.18125 0.24166666666666667
0 0.36796875 0.6322916666666667 0.1984375 0.26458333333333334
2 0.6296875 0.9208333333333333 0.25625 0.3416666666666667
2 0.6359375 0.6416666666666667 0.209375 0.2791666666666667