0 0.88515625 0.890625 0.2109375 0.28125
0 0.8828125 0.15208333333333332 0.228125 0.30416666666666664
2 0.12109375 0.409375 0.2390625 0.31875
1 0.125 0.6260416666666667 0.2 0.2520833333333333
0 0.63046875 0.171875 0.2578125 0.34375
2 0.1109375 0.8979166666666667 0.21875 0.2916666666666667
1 0.3765625 0.9135416666666667 0.234375 0.3229166666666667
0 0.628125 0.6708333333333333 0.25625 0.3416666666666667
0 0.87890625 0.6697916666666667 0.2546875 0.33958333333333335
1 0.3796875 0.40729166666666666 0.228125 0.3145833333333333
1 0.87734375 0.3854166666666667 0.1890625 0.2708333333333333
2 0.6265625 0.91875 0.253125 0.3375