1 0.35234375 0.13645833333333332 0.1921875 0.27291666666666664
0 0.62578125 0.4197916666666667 0.2515625 0.33541666666666664
0 0.12265625 0.653125 0.2296875 0.30625
0 0.37890625 0.4197916666666667 0.2546875 0.33958333333333335
0 0.87421875 0.915625 0.2484375 0.33125
0 0.37578125 0.6677083333333333 0.2515625 0.33541666666666664
0 0.13359375 0.42604166666666665 0.2640625 0.35208333333333336
0 0.86328125 0.38645833333333335 0.2015625 0.26875
2 0.87265625 0.659375 0.2390625 0.31875
2 0.6140625 0.8770833333333333 0.178125 0.2375
1 0.62578125 0.6708333333333333 0.2515625 0.3375
2 0.87890625 0.159375 0.2359375 0.3145833333333333
0 0.14765625 0.8885416666666667 0.2046875 0.27291666666666664