0 0.87890625 0.171875 0.2578125 0.34375
2 0.88125 0.6479166666666667 0.21875 0.2916666666666667
1 0.146875 0.12916666666666668 0.203125 0.25416666666666665
0 0.35859375 0.13645833333333332 0.2015625 0.26875
0 0.1046875 0.3854166666666667 0.203125 0.2708333333333333
1 0.63359375 0.159375 0.2328125 0.31875
0 0.609375 0.8958333333333334 0.215625 0.2875
0 0.6453125 0.38125 0.19375 0.25833333333333336
0 0.63125 0.6291666666666667 0.19375 0.25833333333333336
2 0.38125 0.65625 0.234375 0.3125
0 0.13203125 0.678125 0.2640625 0.35208333333333336
2 0.88125 0.9229166666666667 0.259375 0.3458333333333333
0 0.38046875 0.909375 0.2390625 0.31875