1 0.61171875 0.14375 0.2234375 0.2833333333333333
2 0.6265625 0.4166666666666667 0.246875 0.32916666666666666
0 0.65 0.8854166666666666 0.2 0.26666666666666666
0 0.3796875 0.675 0.259375 0.3458333333333333
0 0.12421875 0.396875 0.2203125 0.29375
1 0.37578125 0.41875 0.2515625 0.3375
0 0.128125 0.9104166666666667 0.240625 0.32083333333333336
2 0.8703125 0.14583333333333334 0.21875 0.2916666666666667
0 0.38125 0.15208333333333332 0.228125 0.30416666666666664
0 0.6484375 0.6333333333333333 0.2 0.26666666666666666
2 0.12421875 0.6677083333333333 0.2484375 0.33125
1 0.1015625 0.13541666666666666 0.1875 0.26666666666666666