0 0.88359375 0.42604166666666665 0.2640625 0.35208333333333336
0 0.37421875 0.415625 0.2484375 0.33125
2 0.38828125 0.146875 0.2203125 0.29375
1 0.62734375 0.915625 0.2453125 0.33125
0 0.62578125 0.6697916666666667 0.2515625 0.33541666666666664
2 0.4046875 0.875 0.1875 0.25
1 0.890625 0.13541666666666666 0.190625 0.2708333333333333
0 0.6265625 0.17083333333333334 0.253125 0.3375
2 0.37265625 0.659375 0.2359375 0.3145833333333333
1 0.11796875 0.375 0.1765625 0.25
1 0.14375 0.6291666666666667 0.20625 0.25833333333333336