0 0.625 0.40208333333333335 0.225 0.3
0 0.61171875 0.13229166666666667 0.1953125 0.2604166666666667
2 0.375 0.16875 0.25 0.3333333333333333
0 0.625 0.6666666666666666 0.246875 0.32916666666666666
1 0.125 0.15520833333333334 0.221875 0.3104166666666667
0 0.12265625 0.9072916666666667 0.2328125 0.3104166666666667
0 0.88125 0.9 0.221875 0.29583333333333334
0 0.8640625 0.40208333333333335 0.225 0.3
2 0.6234375 0.9145833333333333 0.24375 0.325
1 0.87734375 0.16979166666666667 0.2546875 0.33541666666666664
1 0.371875 0.41770833333333335 0.24375 0.33125