2 0.11640625 0.8947916666666667 0.2140625 0.28541666666666665
0 0.6265625 0.41041666666666665 0.240625 0.32083333333333336
2 0.36328125 0.15104166666666666 0.2265625 0.3020833333333333
0 0.86328125 0.8822916666666667 0.1984375 0.26458333333333334
2 0.378125 0.9208333333333333 0.253125 0.3375
0 0.878125 0.66875 0.253125 0.3375
1 0.12109375 0.6364583333333333 0.1890625 0.26875
2 0.87578125 0.3885416666666667 0.2046875 0.27291666666666664
2 0.37734375 0.6697916666666667 0.2515625 0.33541666666666664
2 0.12578125 0.16770833333333332 0.2484375 0.33125
0 0.86640625 0.14270833333333333 0.2109375 0.28125
0 0.625 0.15833333333333333 0.2375 0.31666666666666665
0 0.378125 0.4 0.225 0.3
2 0.11796875 0.4010416666666667 0.2234375 0.29791666666666666