2 0.3703125 0.6291666666666667 0.19375 0.25833333333333336
2 0.3578125 0.8958333333333334 0.215625 0.2875
0 0.89375 0.3770833333333333 0.1875 0.25
0 0.1265625 0.16666666666666666 0.25 0.3333333333333333
0 0.8640625 0.6520833333333333 0.228125 0.30416666666666664
1 0.621875 0.3958333333333333 0.225 0.2916666666666667
0 0.11640625 0.6447916666666667 0.2140625 0.28541666666666665
2 0.865625 0.8875 0.203125 0.2708333333333333
2 0.6390625 0.6395833333333333 0.209375 0.2791666666666667
1 0.10625 0.8927083333333333 0.203125 0.28541666666666665
0 0.87734375 0.16354166666666667 0.2453125 0.32708333333333334
0 0.6296875 0.9229166666666667 0.259375 0.3458333333333333
0 0.621875 0.16041666666666668 0.240625 0.32083333333333336