0 0.375 0.4166666666666667 0.25 0.3333333333333333
2 0.3640625 0.14583333333333334 0.215625 0.2875
2 0.896875 0.8770833333333333 0.190625 0.25416666666666665
0 0.37578125 0.6677083333333333 0.2484375 0.33125
2 0.13046875 0.171875 0.2578125 0.34375
2 0.88515625 0.4010416666666667 0.2234375 0.29791666666666666
2 0.1296875 0.42291666666666666 0.25625 0.3416666666666667
0 0.88125 0.14375 0.215625 0.2875
0 0.38125 0.925 0.2625 0.35
1 0.6234375 0.415625 0.246875 0.33125
0 0.6171875 0.90625 0.23125 0.30833333333333335