2 0.625 0.9125 0.240625 0.32083333333333336
0 0.6296875 0.6729166666666667 0.25625 0.3416666666666667
0 0.37890625 0.4010416666666667 0.2234375 0.29791666666666666
2 0.87265625 0.665625 0.2453125 0.32708333333333334
2 0.13125 0.6729166666666667 0.259375 0.3458333333333333
0 0.1078125 0.38333333333333336 0.196875 0.2625
0 0.3671875 0.65625 0.234375 0.3125
2 0.38046875 0.9260416666666667 0.2609375 0.34791666666666665
0 0.378125 0.17083333333333334 0.253125 0.3375
1 0.8765625 0.9197916666666667 0.253125 0.33958333333333335
1 0.8703125 0.16145833333333334 0.2375 0.3229166666666667