0 0.371875 0.1625 0.24375 0.325
2 0.6328125 0.9041666666666667 0.23125 0.30833333333333335
0 0.61640625 0.40520833333333334 0.2328125 0.3104166666666667
0 0.8890625 0.14791666666666667 0.221875 0.29583333333333334
2 0.634375 0.6520833333333333 0.225 0.3
0 0.40390625 0.878125 0.1890625 0.2520833333333333
2 0.128125 0.41875 0.253125 0.3375
1 0.3640625 0.40729166666666666 0.228125 0.3145833333333333
0 0.15 0.8770833333333333 0.184375 0.24583333333333332
2 0.37109375 0.6552083333333333 0.2296875 0.30625
0 0.8796875 0.9229166666666667 0.25625 0.3416666666666667
0 0.125 0.16875 0.25 0.3333333333333333
2 0.87578125 0.6697916666666667 0.2515625 0.33541666666666664
0 0.128125 0.66875 0.253125 0.3375