2 0.88203125 0.4239583333333333 0.2609375 0.34791666666666665
2 0.38046875 0.421875 0.2578125 0.34375
0 0.875 0.14375 0.215625 0.2875
0 0.12578125 0.6677083333333333 0.2515625 0.33541666666666664
0 0.63125 0.13541666666666666 0.2 0.26666666666666666
0 0.86796875 0.9010416666666666 0.2265625 0.3020833333333333
0 0.61015625 0.896875 0.2203125 0.29375
0 0.36171875 0.6322916666666667 0.1984375 0.26458333333333334
1 0.375 0.16458333333333333 0.246875 0.32916666666666666
0 0.875 0.6645833333333333 0.246875 0.32916666666666666
0 0.37578125 0.9197916666666667 0.2515625 0.33541666666666664
0 0.13828125 0.134375 0.2015625 0.26875
1 0.1265625 0.9177083333333333 0.246875 0.33125