0 0.12578125 0.165625 0.2484375 0.33125
0 0.62421875 0.665625 0.2484375 0.33125
2 0.12734375 0.921875 0.2546875 0.33958333333333335
1 0.86484375 0.3875 0.2171875 0.275
2 0.61015625 0.39479166666666665 0.2140625 0.28541666666666665
0 0.62109375 0.16145833333333334 0.2390625 0.31875
0 0.6078125 0.8791666666666667 0.190625 0.25416666666666665
0 0.884375 0.6270833333333333 0.190625 0.25416666666666665
0 0.88046875 0.9239583333333333 0.2609375 0.34791666666666665
0 0.3671875 0.6583333333333333 0.234375 0.3125
0 0.12578125 0.41770833333333335 0.2515625 0.33541666666666664
0 0.37890625 0.171875 0.2546875 0.33958333333333335
2 0.8703125 0.12083333333333333 0.18125 0.24166666666666667
0 0.121875 0.6625 0.24375 0.325