1 0.3765625 0.9 0.21875 0.3
0 0.875 0.4125 0.24375 0.325
0 0.1234375 0.9166666666666666 0.246875 0.32916666666666666
2 0.3796875 0.17291666666666666 0.25625 0.3416666666666667
0 0.6296875 0.64375 0.2125 0.2833333333333333
1 0.13984375 0.15208333333333332 0.2140625 0.3
0 0.87578125 0.665625 0.2484375 0.33125
2 0.62421875 0.165625 0.2453125 0.32708333333333334
0 0.096875 0.38125 0.19375 0.25833333333333336
2 0.61484375 0.8760416666666667 0.1859375 0.24791666666666667
2 0.63203125 0.42604166666666665 0.2609375 0.34791666666666665