2 0.1390625 0.4 0.221875 0.29583333333333334
0 0.87734375 0.16145833333333334 0.2421875 0.3229166666666667
2 0.37890625 0.17395833333333333 0.2578125 0.34375
0 0.62734375 0.665625 0.2453125 0.32708333333333334
2 0.121875 0.15625 0.234375 0.3125
2 0.1265625 0.6666666666666666 0.25 0.3333333333333333
2 0.37578125 0.41770833333333335 0.2515625 0.33541666666666664
2 0.6125 0.14583333333333334 0.21875 0.2916666666666667
0 0.87265625 0.659375 0.2359375 0.3145833333333333
0 0.865625 0.3854166666666667 0.203125 0.2708333333333333
2 0.8765625 0.9166666666666666 0.246875 0.32916666666666666
2 0.3734375 0.9166666666666666 0.246875 0.32916666666666666