0 0.384375 0.625 0.178125 0.2375
0 0.125 0.41041666666666665 0.2375 0.31666666666666665
0 0.865625 0.39791666666666664 0.21875 0.2916666666666667
1 0.378125 0.4197916666666667 0.25625 0.33958333333333335
1 0.621875 0.12395833333333334 0.175 0.24791666666666667
2 0.87734375 0.134375 0.2015625 0.26875
2 0.8796875 0.6604166666666667 0.240625 0.32083333333333336
0 0.37578125 0.16979166666666667 0.2515625 0.33541666666666664
2 0.60859375 0.3927083333333333 0.2109375 0.28125
0 0.865625 0.8895833333333333 0.20625 0.275
0 0.128125 0.6708333333333333 0.253125 0.3375
2 0.61875 0.63125 0.196875 0.2625
2 0.365625 0.8958333333333334 0.21875 0.2916666666666667