0 0.8625 0.88125 0.19375 0.25833333333333336
2 0.8796875 0.675 0.259375 0.3458333333333333
2 0.1265625 0.42083333333333334 0.253125 0.3375
0 0.38125 0.925 0.259375 0.3458333333333333
2 0.61640625 0.8864583333333333 0.2046875 0.27291666666666664
2 0.3828125 0.6520833333333333 0.225 0.3
0 0.1296875 0.6416666666666667 0.209375 0.2791666666666667
1 0.3734375 0.4166666666666667 0.246875 0.3333333333333333
1 0.884375 0.15520833333333334 0.225 0.3104166666666667
1 0.12578125 0.153125 0.2359375 0.30625
1 0.39453125 0.13541666666666666 0.1890625 0.2708333333333333