0 0.62578125 0.6677083333333333 0.2515625 0.33541666666666664
0 0.1109375 0.1375 0.203125 0.2708333333333333
2 0.87421875 0.165625 0.2453125 0.32708333333333334
0 0.63203125 0.17395833333333333 0.2609375 0.34791666666666665
2 0.38046875 0.4239583333333333 0.2609375 0.34791666666666665
2 0.62890625 0.40729166666666666 0.2359375 0.3145833333333333
0 0.1265625 0.9125 0.24375 0.325
0 0.62734375 0.9052083333333333 0.2328125 0.3104166666666667
0 0.12734375 0.41770833333333335 0.2515625 0.33541666666666664
2 0.37421875 0.8864583333333333 0.2046875 0.27291666666666664
2 0.87890625 0.403125 0.2296875 0.30625
0 0.871875 0.9145833333333333 0.24375 0.325
2 0.38203125 0.6739583333333333 0.2609375 0.34791666666666665