2 0.15390625 0.128125 0.1921875 0.25625
0 0.36875 0.8770833333333333 0.184375 0.24583333333333332
0 0.88671875 0.8927083333333333 0.2109375 0.28125
1 0.375 0.6635416666666667 0.25 0.32708333333333334
1 0.875 0.41354166666666664 0.25 0.32708333333333334
0 0.6140625 0.6395833333333333 0.20625 0.275
2 0.121875 0.40208333333333335 0.225 0.3
0 0.1078125 0.6416666666666667 0.2125 0.2833333333333333
0 0.62421875 0.16145833333333334 0.2390625 0.31875
0 0.8609375 0.15 0.221875 0.29583333333333334
0 0.375 0.41041666666666665 0.240625 0.32083333333333336
2 0.38125 0.12916666666666668 0.190625 0.25416666666666665