1 0.87109375 0.659375 0.2296875 0.3145833333333333
0 0.3765625 0.4166666666666667 0.246875 0.32916666666666666
0 0.3734375 0.1625 0.240625 0.32083333333333336
2 0.64296875 0.634375 0.2015625 0.26875
2 0.8765625 0.41875 0.253125 0.3375
0 0.37421875 0.9135416666666667 0.2421875 0.3229166666666667
0 0.11796875 0.8760416666666667 0.1890625 0.2520833333333333
0 0.3828125 0.675 0.2625 0.35
0 0.128125 0.41458333333333336 0.24375 0.325
2 0.87421875 0.165625 0.2484375 0.33125
1 0.1296875 0.13958333333333334 0.21875 0.2791666666666667
2 0.62734375 0.9177083333333333 0.2515625 0.33541666666666664
2 0.128125 0.6583333333333333 0.234375 0.3125