0 0.87734375 0.41354166666666664 0.2453125 0.32708333333333334
2 0.12890625 0.8989583333333333 0.2234375 0.29791666666666666
0 0.8734375 0.6645833333333333 0.24375 0.325
2 0.87578125 0.9197916666666667 0.2515625 0.33541666666666664
2 0.61875 0.89375 0.215625 0.2875
2 0.6265625 0.37916666666666665 0.19375 0.25833333333333336
2 0.12890625 0.15729166666666666 0.2359375 0.3145833333333333
2 0.375 0.4125 0.240625 0.32083333333333336
0 0.628125 0.6708333333333333 0.253125 0.3375
0 0.8796875 0.17291666666666666 0.25625 0.3416666666666667
2 0.13046875 0.6739583333333333 0.2578125 0.34375
2 0.61484375 0.140625 0.2078125 0.27708333333333335
0 0.12734375 0.421875 0.2546875 0.33958333333333335