0 0.621875 0.15 0.225 0.3
1 0.3765625 0.16145833333333334 0.24375 0.31875
1 0.8734375 0.6635416666666667 0.240625 0.32708333333333334
0 0.128125 0.9145833333333333 0.24375 0.325
2 0.13046875 0.14479166666666668 0.2140625 0.28541666666666665
0 0.38203125 0.428125 0.2640625 0.35208333333333336
2 0.13203125 0.42604166666666665 0.2640625 0.35208333333333336
2 0.88359375 0.178125 0.2640625 0.35208333333333336
2 0.375 0.6541666666666667 0.228125 0.30416666666666664
0 0.87578125 0.915625 0.2484375 0.33125
2 0.37421875 0.9177083333333333 0.2484375 0.33125
1 0.8765625 0.42083333333333334 0.253125 0.3375
0 0.62265625 0.915625 0.2453125 0.32708333333333334
0 0.6203125 0.3958333333333333 0.21875 0.2916666666666667