0 0.875 0.6666666666666666 0.25 0.3333333333333333
0 0.621875 0.6520833333333333 0.228125 0.30416666666666664
0 0.37421875 0.8885416666666667 0.2046875 0.27291666666666664
0 0.11328125 0.6510416666666666 0.2265625 0.3020833333333333
0 0.371875 0.6520833333333333 0.225 0.3
2 0.62421875 0.16770833333333332 0.2484375 0.33125
1 0.1265625 0.15729166666666666 0.23125 0.3145833333333333
0 0.88515625 0.403125 0.2296875 0.30625
1 0.6078125 0.39895833333333336 0.215625 0.29791666666666666
0 0.39609375 0.3885416666666667 0.2078125 0.27708333333333335
0 0.871875 0.15833333333333333 0.2375 0.31666666666666665
0 0.378125 0.17291666666666666 0.25625 0.3416666666666667