0 0.62421875 0.6677083333333333 0.2484375 0.33125
2 0.59921875 0.11979166666666667 0.1796875 0.23958333333333334
2 0.9078125 0.3729166666666667 0.178125 0.2375
2 0.378125 0.91875 0.253125 0.3375
2 0.6234375 0.41458333333333336 0.246875 0.32916666666666666
2 0.8921875 0.8958333333333334 0.215625 0.2875
0 0.36875 0.4 0.221875 0.29583333333333334
2 0.128125 0.9145833333333333 0.24375 0.325
2 0.88671875 0.14479166666666668 0.2171875 0.28958333333333336
0 0.37421875 0.653125 0.2265625 0.3020833333333333
0 0.8921875 0.6416666666666667 0.2125 0.2833333333333333
1 0.12421875 0.6447916666666667 0.2265625 0.28958333333333336
1 0.6265625 0.9197916666666667 0.253125 0.33958333333333335
2 0.14453125 0.3885416666666667 0.2046875 0.27291666666666664
2 0.1375 0.14583333333333334 0.215625 0.2875