2 0.36484375 0.6302083333333334 0.1953125 0.2604166666666667
0 0.1421875 0.8791666666666667 0.19375 0.25833333333333336
1 0.61484375 0.15625 0.2265625 0.3125
0 0.3734375 0.1625 0.240625 0.32083333333333336
2 0.88203125 0.178125 0.2640625 0.35208333333333336
0 0.878125 0.6729166666666667 0.25625 0.3416666666666667
0 0.6109375 0.38125 0.196875 0.2625
0 0.13671875 0.628125 0.1890625 0.2520833333333333
2 0.61875 0.6520833333333333 0.228125 0.30416666666666664
0 0.13203125 0.4239583333333333 0.2609375 0.34791666666666665
0 0.6328125 0.9083333333333333 0.234375 0.3125
0 0.128125 0.15208333333333332 0.225 0.3
0 0.8796875 0.42291666666666666 0.25625 0.3416666666666667