0 0.15078125 0.378125 0.1921875 0.25625
0 0.88125 0.6333333333333333 0.2 0.26666666666666666
2 0.38046875 0.14895833333333333 0.2234375 0.29791666666666666
2 0.6265625 0.6666666666666666 0.25 0.3333333333333333
2 0.12578125 0.915625 0.2484375 0.33125
1 0.87265625 0.878125 0.2046875 0.25625
0 0.12578125 0.6697916666666667 0.2515625 0.33541666666666664
2 0.890625 0.13958333333333334 0.209375 0.2791666666666667
2 0.8625 0.3875 0.203125 0.2708333333333333
1 0.36875 0.903125 0.2375 0.30625
1 0.6265625 0.91875 0.25 0.3333333333333333