0 0.1046875 0.63125 0.196875 0.2625
2 0.8765625 0.91875 0.253125 0.3375
1 0.12578125 0.9114583333333334 0.2328125 0.31875
0 0.6109375 0.38125 0.196875 0.2625
0 0.59921875 0.884375 0.1984375 0.26458333333333334
2 0.628125 0.6479166666666667 0.21875 0.2916666666666667
1 0.3765625 0.9166666666666666 0.246875 0.32916666666666666
0 0.12421875 0.165625 0.2453125 0.32708333333333334
0 0.3546875 0.6395833333333333 0.209375 0.2791666666666667
0 0.8796875 0.38958333333333334 0.209375 0.2791666666666667
2 0.8734375 0.16458333333333333 0.246875 0.32916666666666666
1 0.628125 0.13541666666666666 0.190625 0.2708333333333333
2 0.88203125 0.6760416666666667 0.2640625 0.35208333333333336