0 0.34609375 0.128125 0.1921875 0.25625
1 0.8734375 0.4114583333333333 0.23125 0.31875
1 0.1203125 0.628125 0.178125 0.2520833333333333
0 0.63125 0.16041666666666668 0.2375 0.31666666666666665
0 0.6546875 0.8791666666666667 0.190625 0.25416666666666665
0 0.12421875 0.165625 0.2453125 0.32708333333333334
0 0.1296875 0.8770833333333333 0.18125 0.24166666666666667
1 0.378125 0.6697916666666667 0.25625 0.33958333333333335
1 0.62578125 0.3697916666666667 0.1828125 0.22708333333333333
1 0.865625 0.121875 0.196875 0.24375
0 0.86953125 0.8927083333333333 0.2140625 0.28541666666666665
1 0.625 0.646875 0.225 0.28958333333333336
0 0.38203125 0.42604166666666665 0.2640625 0.35208333333333336
1 0.37734375 0.890625 0.1953125 0.27708333333333335
2 0.12734375 0.40520833333333334 0.2328125 0.3104166666666667