2 0.1359375 0.13125 0.19375 0.25833333333333336
0 0.63125 0.675 0.2625 0.35
2 0.86875 0.6583333333333333 0.2375 0.31666666666666665
0 0.8796875 0.9229166666666667 0.259375 0.3458333333333333
2 0.38203125 0.9260416666666667 0.2609375 0.34791666666666665
2 0.37890625 0.3885416666666667 0.2046875 0.27291666666666664
2 0.62734375 0.4197916666666667 0.2515625 0.33541666666666664
2 0.1140625 0.6520833333333333 0.225 0.3
0 0.63046875 0.9260416666666667 0.2609375 0.34791666666666665
0 0.62109375 0.15729166666666666 0.2359375 0.3145833333333333
2 0.8765625 0.16875 0.253125 0.3375