0 0.3640625 0.65 0.225 0.3
2 0.878125 0.90625 0.234375 0.3125
2 0.89609375 0.13645833333333332 0.2046875 0.27291666666666664
0 0.6171875 0.40208333333333335 0.225 0.3
1 0.3765625 0.41875 0.246875 0.3333333333333333
0 0.61796875 0.8885416666666667 0.2078125 0.27708333333333335
0 0.6296875 0.14791666666666667 0.21875 0.2916666666666667
0 0.8625 0.4 0.225 0.3
0 0.12265625 0.153125 0.2265625 0.3020833333333333
1 0.13984375 0.6385416666666667 0.2140625 0.27291666666666664
2 0.871875 0.6645833333333333 0.24375 0.325
0 0.128125 0.4125 0.24375 0.325
1 0.62421875 0.66875 0.2484375 0.3375