2 0.6234375 0.8875 0.20625 0.275
0 0.62578125 0.6677083333333333 0.2484375 0.33125
2 0.12109375 0.140625 0.2109375 0.28125
0 0.628125 0.38333333333333336 0.2 0.26666666666666666
0 0.3828125 0.6333333333333333 0.2 0.26666666666666666
0 0.89375 0.6375 0.203125 0.2708333333333333
2 0.128125 0.4125 0.240625 0.32083333333333336
2 0.12890625 0.671875 0.2546875 0.33958333333333335
2 0.37578125 0.4197916666666667 0.2515625 0.33541666666666664
2 0.87734375 0.421875 0.2546875 0.33958333333333335
0 0.6296875 0.175 0.259375 0.3458333333333333
0 0.87734375 0.16979166666666667 0.2515625 0.33541666666666664