2 0.871875 0.14791666666666667 0.221875 0.29583333333333334
1 0.6265625 0.4197916666666667 0.253125 0.33958333333333335
2 0.13046875 0.40729166666666666 0.2328125 0.3104166666666667
2 0.37734375 0.909375 0.2390625 0.31875
0 0.3828125 0.6541666666666667 0.23125 0.30833333333333335
2 0.1171875 0.8875 0.203125 0.2708333333333333
0 0.3765625 0.41875 0.253125 0.3375
2 0.63203125 0.17395833333333333 0.2609375 0.34791666666666665
1 0.8765625 0.4166666666666667 0.25 0.32916666666666666
2 0.11875 0.6354166666666666 0.203125 0.2708333333333333
1 0.86171875 0.8739583333333333 0.1953125 0.24791666666666667