2 0.87734375 0.9177083333333333 0.2515625 0.33541666666666664
0 0.128125 0.6729166666666667 0.25625 0.3416666666666667
2 0.87734375 0.421875 0.2546875 0.33958333333333335
2 0.659375 0.11875 0.178125 0.2375
0 0.87734375 0.16770833333333332 0.2515625 0.33541666666666664
2 0.1265625 0.16666666666666666 0.25 0.3333333333333333
0 0.61171875 0.384375 0.2015625 0.26875
1 0.3578125 0.378125 0.203125 0.25625
0 0.37578125 0.9177083333333333 0.2515625 0.33541666666666664
0 0.63203125 0.6552083333333333 0.2328125 0.3104166666666667
1 0.3765625 0.6697916666666667 0.253125 0.33541666666666664
0 0.63984375 0.8927083333333333 0.2109375 0.28125