0 0.86875 0.4083333333333333 0.2375 0.31666666666666665
0 0.88203125 0.678125 0.2640625 0.35208333333333336
1 0.1265625 0.6677083333333333 0.246875 0.33541666666666664
0 0.62578125 0.878125 0.1921875 0.25625
2 0.87578125 0.16770833333333332 0.2515625 0.33541666666666664
0 0.38203125 0.17395833333333333 0.2609375 0.34791666666666665
0 0.378125 0.64375 0.215625 0.2875
1 0.371875 0.9166666666666666 0.24375 0.3333333333333333
2 0.12734375 0.4197916666666667 0.2546875 0.33958333333333335
0 0.8765625 0.91875 0.253125 0.3375
0 0.3828125 0.39791666666666664 0.21875 0.2916666666666667