2 0.8765625 0.6645833333333333 0.24375 0.325
2 0.59609375 0.8739583333333333 0.1828125 0.24375
2 0.37890625 0.9197916666666667 0.2546875 0.33958333333333335
0 0.6046875 0.13125 0.196875 0.2625
0 0.38046875 0.403125 0.2265625 0.3020833333333333
2 0.6390625 0.6291666666666667 0.19375 0.25833333333333336
0 0.121875 0.9083333333333333 0.2375 0.31666666666666665
2 0.13671875 0.646875 0.2171875 0.28958333333333336
0 0.87734375 0.4114583333333333 0.2421875 0.3229166666666667
2 0.11796875 0.38229166666666664 0.1953125 0.2604166666666667
1 0.84453125 0.12708333333333333 0.1796875 0.25416666666666665
0 0.39140625 0.146875 0.2171875 0.28958333333333336