2 0.1515625 0.63125 0.196875 0.2625
0 0.1328125 0.14583333333333334 0.21875 0.2916666666666667
2 0.8765625 0.13958333333333334 0.209375 0.2791666666666667
2 0.37109375 0.403125 0.2296875 0.30625
0 0.6265625 0.16666666666666666 0.25 0.3333333333333333
1 0.3859375 0.14895833333333333 0.228125 0.29375
2 0.64375 0.3854166666666667 0.2 0.26666666666666666
0 0.1109375 0.8854166666666666 0.2 0.26666666666666666
2 0.875 0.66875 0.25 0.3333333333333333
0 0.1328125 0.4270833333333333 0.2625 0.35
1 0.37890625 0.6583333333333333 0.2421875 0.3125
0 0.8875 0.39791666666666664 0.21875 0.2916666666666667
1 0.8671875 0.8822916666666667 0.20625 0.2604166666666667
0 0.62109375 0.6447916666666667 0.2140625 0.28541666666666665
2 0.6265625 0.9208333333333333 0.253125 0.3375
2 0.37109375 0.9072916666666667 0.2359375 0.3145833333333333