1 0.6296875 0.9197916666666667 0.25625 0.33958333333333335
0 0.12734375 0.671875 0.2546875 0.33958333333333335
1 0.87578125 0.89375 0.2234375 0.2833333333333333
2 0.37421875 0.415625 0.2484375 0.33125
2 0.62890625 0.6614583333333334 0.2390625 0.31875
0 0.37890625 0.921875 0.2546875 0.33958333333333335
2 0.12734375 0.9197916666666667 0.2546875 0.33958333333333335
2 0.86640625 0.14270833333333333 0.2109375 0.28125
2 0.128125 0.40625 0.234375 0.3125
2 0.6234375 0.4166666666666667 0.246875 0.32916666666666666
2 0.35703125 0.6239583333333333 0.1828125 0.24375
0 0.146875 0.125 0.1875 0.25
2 0.3765625 0.16666666666666666 0.246875 0.32916666666666666
0 0.62109375 0.16354166666666667 0.2421875 0.3229166666666667