2 0.63203125 0.653125 0.2265625 0.3020833333333333
0 0.11015625 0.6427083333333333 0.2109375 0.28125
2 0.8734375 0.41458333333333336 0.24375 0.325
0 0.12578125 0.9177083333333333 0.2515625 0.33541666666666664
1 0.12421875 0.39791666666666664 0.2296875 0.29583333333333334
0 0.63046875 0.9239583333333333 0.2609375 0.34791666666666665
2 0.628125 0.17083333333333334 0.253125 0.3375
0 0.8875 0.875 0.1875 0.25
0 0.87578125 0.165625 0.2453125 0.32708333333333334
2 0.37421875 0.6677083333333333 0.2484375 0.33125
0 0.3734375 0.1625 0.24375 0.325
0 0.13671875 0.14479166666666668 0.2140625 0.28541666666666665
1 0.36171875 0.890625 0.2203125 0.28125
1 0.39296875 0.3927083333333333 0.2046875 0.28541666666666665