0 0.37265625 0.9114583333333334 0.2421875 0.3229166666666667
0 0.12265625 0.9010416666666666 0.2265625 0.3020833333333333
2 0.12109375 0.6572916666666667 0.2328125 0.3104166666666667
0 0.38515625 0.653125 0.2296875 0.30625
1 0.37421875 0.16041666666666668 0.2328125 0.32083333333333336
0 0.61953125 0.9072916666666667 0.2328125 0.3104166666666667
1 0.87265625 0.6541666666666667 0.2203125 0.30416666666666664
1 0.8734375 0.16145833333333334 0.24375 0.31875
0 0.13203125 0.17395833333333333 0.2609375 0.34791666666666665
2 0.37890625 0.421875 0.2546875 0.33958333333333335
0 0.89140625 0.37604166666666666 0.1890625 0.2520833333333333
2 0.14609375 0.3802083333333333 0.1921875 0.25625
2 0.62734375 0.16770833333333332 0.2515625 0.33541666666666664