2 0.63984375 0.8885416666666667 0.2046875 0.27291666666666664
0 0.38984375 0.13645833333333332 0.2046875 0.27291666666666664
1 0.8671875 0.36875 0.184375 0.23333333333333334
2 0.628125 0.6708333333333333 0.25625 0.3416666666666667
0 0.14140625 0.384375 0.2015625 0.26875
0 0.37890625 0.390625 0.2109375 0.28125
0 0.14609375 0.8864583333333333 0.2015625 0.26875
1 0.3796875 0.9145833333333333 0.2375 0.325
0 0.115625 0.65625 0.23125 0.30833333333333335
0 0.62265625 0.16145833333333334 0.2421875 0.3229166666666667
0 0.8765625 0.16875 0.253125 0.3375