0 0.63984375 0.39895833333333336 0.2203125 0.29375
2 0.628125 0.16875 0.253125 0.3375
2 0.8671875 0.9041666666666667 0.23125 0.30833333333333335
1 0.128125 0.41875 0.253125 0.3375
2 0.87734375 0.16979166666666667 0.2546875 0.33958333333333335
2 0.62734375 0.9135416666666667 0.2453125 0.32708333333333334
2 0.12578125 0.9010416666666666 0.2265625 0.3020833333333333
2 0.38984375 0.14270833333333333 0.2140625 0.28541666666666665
2 0.8765625 0.6708333333333333 0.253125 0.3375
0 0.12734375 0.6364583333333333 0.2015625 0.26875
2 0.1296875 0.175 0.259375 0.3458333333333333