2 0.1296875 0.42291666666666666 0.25625 0.3416666666666667
0 0.37265625 0.9114583333333334 0.2421875 0.3229166666666667
0 0.128125 0.9229166666666667 0.25625 0.3416666666666667
0 0.3953125 0.3854166666666667 0.2 0.26666666666666666
1 0.87265625 0.6145833333333334 0.1828125 0.225
2 0.87578125 0.15520833333333334 0.2328125 0.3104166666666667
2 0.60234375 0.6385416666666667 0.2046875 0.27291666666666664
0 0.378125 0.6645833333333333 0.24375 0.325
2 0.62578125 0.4197916666666667 0.2515625 0.33541666666666664
0 0.8859375 0.38333333333333336 0.2 0.26666666666666666
0 0.12734375 0.16979166666666667 0.2546875 0.33958333333333335
0 0.62578125 0.878125 0.1921875 0.25625
2 0.371875 0.1375 0.203125 0.2708333333333333
0 0.87109375 0.890625 0.2078125 0.27708333333333335
0 0.6265625 0.14375 0.2125 0.2833333333333333
0 0.13125 0.6520833333333333 0.225 0.3