2 0.375 0.6625 0.24375 0.325
2 0.1296875 0.6541666666666667 0.23125 0.30833333333333335
2 0.62421875 0.4010416666666667 0.2265625 0.3020833333333333
1 0.8828125 0.65 0.21875 0.3
1 0.8921875 0.37604166666666666 0.2 0.2520833333333333
2 0.12890625 0.921875 0.2546875 0.33958333333333335
2 0.62578125 0.665625 0.2484375 0.33125
2 0.8796875 0.17291666666666666 0.259375 0.3458333333333333
1 0.12890625 0.171875 0.2546875 0.33958333333333335
2 0.3765625 0.91875 0.25 0.3333333333333333
0 0.128125 0.42083333333333334 0.253125 0.3375
0 0.6328125 0.8979166666666667 0.21875 0.2916666666666667
2 0.62734375 0.16354166666666667 0.2453125 0.32708333333333334
1 0.3765625 0.4125 0.246875 0.325
1 0.8890625 0.884375 0.184375 0.26458333333333334
0 0.38046875 0.17395833333333333 0.2609375 0.34791666666666665