0 0.6234375 0.4083333333333333 0.2375 0.31666666666666665
0 0.8640625 0.38125 0.196875 0.2625
0 0.39296875 0.13645833333333332 0.2015625 0.26875
0 0.39453125 0.8739583333333333 0.1828125 0.24375
0 0.13125 0.63125 0.19375 0.25833333333333336
0 0.15078125 0.3802083333333333 0.1953125 0.2604166666666667
0 0.8765625 0.17083333333333334 0.253125 0.3375
2 0.128125 0.17083333333333334 0.25625 0.3416666666666667
0 0.63046875 0.671875 0.2578125 0.34375
0 0.87890625 0.921875 0.2578125 0.34375
0 0.87890625 0.671875 0.2546875 0.33958333333333335
0 0.61484375 0.13020833333333334 0.1921875 0.25625