0 0.88359375 0.6760416666666667 0.2640625 0.35208333333333336
2 0.628125 0.42083333333333334 0.253125 0.3375
2 0.38046875 0.17395833333333333 0.2578125 0.34375
2 0.8765625 0.42083333333333334 0.253125 0.3375
2 0.6265625 0.6708333333333333 0.253125 0.3375
0 0.128125 0.41458333333333336 0.24375 0.325
0 0.62578125 0.915625 0.2453125 0.32708333333333334
2 0.38046875 0.42604166666666665 0.2609375 0.34791666666666665
0 0.88359375 0.17604166666666668 0.2640625 0.35208333333333336
0 0.1234375 0.9041666666666667 0.228125 0.30416666666666664
2 0.13828125 0.15104166666666666 0.2234375 0.29791666666666666
2 0.6296875 0.16041666666666668 0.240625 0.32083333333333336
2 0.37421875 0.8822916666666667 0.1984375 0.26458333333333334
1 0.8609375 0.8822916666666667 0.209375 0.2604166666666667