1 0.36328125 0.37604166666666666 0.1796875 0.2520833333333333
0 0.62890625 0.6739583333333333 0.2578125 0.34375
0 0.87578125 0.41354166666666664 0.2453125 0.32708333333333334
1 0.12734375 0.671875 0.2546875 0.33958333333333335
2 0.878125 0.66875 0.253125 0.3375
2 0.12109375 0.153125 0.2265625 0.3020833333333333
0 0.3765625 0.16666666666666666 0.246875 0.32916666666666666
1 0.62421875 0.16770833333333332 0.2484375 0.33541666666666664
2 0.12265625 0.3885416666666667 0.2046875 0.27291666666666664
0 0.87109375 0.9010416666666666 0.2234375 0.29791666666666666
2 0.37265625 0.621875 0.1828125 0.24375