2 0.35703125 0.8864583333333333 0.2015625 0.26875
1 0.8765625 0.165625 0.253125 0.33125
1 0.37109375 0.41041666666666665 0.2421875 0.31666666666666665
1 0.134375 0.8739583333333333 0.196875 0.24791666666666667
0 0.1265625 0.16875 0.25 0.3333333333333333
1 0.86953125 0.6333333333333333 0.1859375 0.26666666666666666
0 0.6484375 0.38333333333333336 0.2 0.26666666666666666
2 0.3765625 0.17083333333333334 0.253125 0.3375
1 0.61328125 0.8916666666666667 0.2234375 0.2833333333333333
2 0.62109375 0.12604166666666666 0.1859375 0.24791666666666667
1 0.60625 0.6479166666666667 0.209375 0.2916666666666667
1 0.3765625 0.665625 0.25 0.32708333333333334
2 0.90703125 0.878125 0.1828125 0.24375