2 0.39375 0.13541666666666666 0.2 0.26666666666666666
2 0.1125 0.14166666666666666 0.2125 0.2833333333333333
2 0.86953125 0.6427083333333333 0.2140625 0.28541666666666665
2 0.88359375 0.928125 0.2640625 0.35208333333333336
2 0.87265625 0.128125 0.1890625 0.2520833333333333
1 0.8703125 0.4010416666666667 0.2125 0.29791666666666666
0 0.1234375 0.6354166666666666 0.203125 0.2708333333333333
2 0.6265625 0.16458333333333333 0.24375 0.325
2 0.39609375 0.384375 0.2015625 0.26875
2 0.62578125 0.6677083333333333 0.2515625 0.33541666666666664
1 0.36875 0.6625 0.234375 0.32083333333333336
1 0.6234375 0.9197916666666667 0.246875 0.33541666666666664