2 0.884375 0.6395833333333333 0.20625 0.275
0 0.14375 0.13541666666666666 0.203125 0.2708333333333333
2 0.625 0.6666666666666666 0.25 0.3333333333333333
1 0.11875 0.65 0.234375 0.3
0 0.6296875 0.42083333333333334 0.25625 0.3416666666666667
0 0.88203125 0.9260416666666667 0.2640625 0.35208333333333336
1 0.371875 0.4041666666666667 0.2375 0.30833333333333335
2 0.8828125 0.4041666666666667 0.23125 0.30833333333333335
0 0.11953125 0.409375 0.2390625 0.31875
0 0.6234375 0.9104166666666667 0.240625 0.32083333333333336
2 0.40390625 0.8822916666666667 0.1765625 0.23541666666666666