2 0.61328125 0.13645833333333332 0.2015625 0.26875
2 0.13125 0.6770833333333334 0.2625 0.35
1 0.6546875 0.634375 0.1875 0.26458333333333334
0 0.86875 0.4 0.221875 0.29583333333333334
0 0.390625 0.8895833333333333 0.209375 0.2791666666666667
0 0.8515625 0.125 0.18125 0.24166666666666667
0 0.61328125 0.3885416666666667 0.2046875 0.27291666666666664
0 0.15 0.12916666666666668 0.19375 0.25833333333333336
1 0.87734375 0.6572916666666667 0.2390625 0.3145833333333333
1 0.11875 0.384375 0.1875 0.26875
2 0.38125 0.175 0.259375 0.3458333333333333
2 0.62421875 0.915625 0.2484375 0.33125
1 0.3796875 0.6635416666666667 0.2375 0.3229166666666667
1 0.125 0.9166666666666666 0.246875 0.3333333333333333