2 0.86953125 0.4114583333333333 0.2390625 0.31875
2 0.3703125 0.64375 0.215625 0.2875
1 0.9 0.121875 0.19375 0.23958333333333334
0 0.39453125 0.13020833333333334 0.1953125 0.2604166666666667
2 0.60859375 0.128125 0.1765625 0.23541666666666666
1 0.1296875 0.41041666666666665 0.2375 0.32083333333333336
0 0.371875 0.4 0.225 0.3
0 0.62421875 0.659375 0.2359375 0.3145833333333333
0 0.8796875 0.65625 0.234375 0.3125
0 0.36875 0.9083333333333333 0.234375 0.3125
0 0.12734375 0.159375 0.2390625 0.31875
0 0.63203125 0.9260416666666667 0.2609375 0.34791666666666665
1 0.87578125 0.9145833333333333 0.2484375 0.325
0 0.09140625 0.871875 0.1828125 0.24375
0 0.14609375 0.634375 0.1984375 0.26458333333333334