0 0.3921875 0.8958333333333334 0.215625 0.2875
0 0.865625 0.65625 0.23125 0.30833333333333335
2 0.8796875 0.925 0.259375 0.3458333333333333
0 0.62734375 0.41770833333333335 0.2515625 0.33541666666666664
1 0.6203125 0.15520833333333334 0.240625 0.3104166666666667
0 0.11640625 0.6385416666666667 0.2046875 0.27291666666666664
2 0.37578125 0.6697916666666667 0.2515625 0.33541666666666664
2 0.6265625 0.6666666666666666 0.25 0.3333333333333333
0 0.37734375 0.171875 0.2546875 0.33958333333333335
0 0.375 0.41875 0.25 0.3333333333333333
2 0.88828125 0.13854166666666667 0.2078125 0.27708333333333335
2 0.87578125 0.40520833333333334 0.2328125 0.3104166666666667
1 0.12109375 0.41041666666666665 0.2328125 0.32083333333333336
0 0.11796875 0.140625 0.2109375 0.28125
2 0.128125 0.9104166666666667 0.240625 0.32083333333333336
0 0.63046875 0.9239583333333333 0.2578125 0.34375