0 0.37421875 0.6510416666666666 0.2265625 0.3020833333333333
0 0.62265625 0.16354166666666667 0.2453125 0.32708333333333334
0 0.38203125 0.17604166666666668 0.2640625 0.35208333333333336
2 0.88359375 0.40520833333333334 0.2328125 0.3104166666666667
0 0.11171875 0.640625 0.2109375 0.28125
0 0.37578125 0.9177083333333333 0.2515625 0.33541666666666664
0 0.87421875 0.659375 0.2359375 0.3145833333333333
0 0.3578125 0.375 0.1875 0.25
1 0.63515625 0.8833333333333333 0.1859375 0.26666666666666666
1 0.6265625 0.6677083333333333 0.25 0.33125
0 0.88125 0.9229166666666667 0.259375 0.3458333333333333
0 0.8546875 0.13125 0.19375 0.25833333333333336
0 0.62734375 0.41770833333333335 0.2515625 0.33541666666666664
0 0.1234375 0.4041666666666667 0.228125 0.30416666666666664