2 0.8984375 0.13541666666666666 0.203125 0.2708333333333333
2 0.12265625 0.915625 0.2453125 0.32708333333333334
1 0.625 0.659375 0.24375 0.31875
1 0.62265625 0.8760416666666667 0.1765625 0.24791666666666667
0 0.878125 0.4083333333333333 0.2375 0.31666666666666665
2 0.88359375 0.8947916666666667 0.2171875 0.28958333333333336
0 0.375 0.15416666666666667 0.228125 0.30416666666666664
0 0.62734375 0.41770833333333335 0.2515625 0.33541666666666664
0 0.378125 0.625 0.1875 0.25
0 0.62578125 0.165625 0.2484375 0.33125
0 0.8765625 0.66875 0.253125 0.3375
2 0.12421875 0.6677083333333333 0.2484375 0.33125
0 0.10234375 0.37604166666666666 0.1890625 0.2520833333333333