0 0.8765625 0.66875 0.25 0.3333333333333333
2 0.384375 0.3770833333333333 0.190625 0.25416666666666665
1 0.6375 0.3802083333333333 0.18125 0.25625
0 0.6171875 0.8770833333333333 0.1875 0.25
2 0.1171875 0.90625 0.23125 0.30833333333333335
2 0.37578125 0.6427083333333333 0.2140625 0.28541666666666665
2 0.62265625 0.128125 0.1890625 0.2520833333333333
1 0.1015625 0.12604166666666666 0.196875 0.24791666666666667
2 0.375 0.16458333333333333 0.246875 0.32916666666666666
0 0.12578125 0.41770833333333335 0.2484375 0.33125
2 0.87578125 0.9177083333333333 0.2484375 0.33125
0 0.37734375 0.9197916666666667 0.2515625 0.33541666666666664
2 0.846875 0.125 0.1875 0.25