0 0.125 0.9166666666666666 0.25 0.3333333333333333
2 0.87734375 0.9197916666666667 0.2515625 0.33541666666666664
0 0.62734375 0.6614583333333334 0.2390625 0.31875
1 0.40390625 0.3875 0.1890625 0.2708333333333333
0 0.8734375 0.6375 0.203125 0.2708333333333333
1 0.6265625 0.41354166666666664 0.234375 0.3229166666666667
2 0.63046875 0.9072916666666667 0.2359375 0.3145833333333333
0 0.8703125 0.1625 0.240625 0.32083333333333336
1 0.36875 0.6416666666666667 0.21875 0.2791666666666667
2 0.875 0.41458333333333336 0.246875 0.32916666666666666
2 0.1234375 0.4166666666666667 0.246875 0.32916666666666666
0 0.13359375 0.6572916666666667 0.2328125 0.3104166666666667