0 0.8796875 0.6708333333333333 0.25625 0.3416666666666667
2 0.87734375 0.15104166666666666 0.2234375 0.29791666666666666
2 0.13203125 0.9260416666666667 0.2609375 0.34791666666666665
0 0.37734375 0.9197916666666667 0.2515625 0.33541666666666664
2 0.13125 0.17291666666666666 0.259375 0.3458333333333333
0 0.378125 0.66875 0.253125 0.3375
0 0.12734375 0.665625 0.2453125 0.32708333333333334
1 0.6265625 0.41770833333333335 0.25 0.33125
0 0.378125 0.41875 0.253125 0.3375
2 0.125 0.4125 0.24375 0.325
2 0.8859375 0.8916666666666667 0.209375 0.2791666666666667
2 0.63359375 0.14270833333333333 0.2140625 0.28541666666666665