0 0.875 0.6583333333333333 0.2375 0.31666666666666665
0 0.3734375 0.41458333333333336 0.24375 0.325
0 0.15546875 0.8739583333333333 0.1859375 0.24791666666666667
2 0.62734375 0.4197916666666667 0.2546875 0.33958333333333335
0 0.60078125 0.8822916666666667 0.1953125 0.2604166666666667
0 0.6234375 0.6458333333333334 0.21875 0.2916666666666667
2 0.87421875 0.9114583333333334 0.2421875 0.3229166666666667
2 0.36796875 0.8802083333333334 0.1921875 0.25625
0 0.12578125 0.41770833333333335 0.2515625 0.33541666666666664
0 0.11015625 0.14270833333333333 0.2140625 0.28541666666666665
0 0.38125 0.15416666666666667 0.228125 0.30416666666666664