2 0.3765625 0.14166666666666666 0.209375 0.2791666666666667
1 0.62890625 0.4197916666666667 0.2546875 0.33958333333333335
0 0.375 0.4166666666666667 0.246875 0.32916666666666666
0 0.1234375 0.41041666666666665 0.240625 0.32083333333333336
2 0.88046875 0.4239583333333333 0.2578125 0.34375
0 0.1234375 0.16458333333333333 0.24375 0.325
0 0.90546875 0.12604166666666666 0.1828125 0.24375
2 0.8875 0.6416666666666667 0.209375 0.2791666666666667
0 0.11796875 0.8864583333333333 0.2015625 0.26875
0 0.3765625 0.9166666666666666 0.246875 0.32916666666666666
0 0.61015625 0.634375 0.1984375 0.26458333333333334