2 0.10546875 0.128125 0.1921875 0.25625
2 0.89140625 0.3885416666666667 0.2046875 0.27291666666666664
2 0.37890625 0.16354166666666667 0.2421875 0.3229166666666667
0 0.13046875 0.9239583333333333 0.2609375 0.34791666666666665
2 0.62265625 0.9114583333333334 0.2421875 0.3229166666666667
2 0.36875 0.4083333333333333 0.234375 0.3125
1 0.37578125 0.9197916666666667 0.2484375 0.33541666666666664
0 0.628125 0.16875 0.253125 0.3375
2 0.12734375 0.40520833333333334 0.2296875 0.30625
2 0.8703125 0.16041666666666668 0.240625 0.32083333333333336
2 0.38515625 0.6239583333333333 0.1859375 0.24791666666666667