0 0.62421875 0.14270833333333333 0.2109375 0.28125
0 0.63984375 0.37604166666666666 0.1828125 0.24375
0 0.86796875 0.396875 0.2203125 0.29375
0 0.6265625 0.66875 0.25 0.3333333333333333
0 0.1171875 0.6375 0.203125 0.2708333333333333
0 0.3609375 0.38958333333333334 0.209375 0.2791666666666667
0 0.3734375 0.8791666666666667 0.18125 0.24166666666666667
0 0.115625 0.39166666666666666 0.2125 0.2833333333333333
2 0.88046875 0.17395833333333333 0.2609375 0.34791666666666665
0 0.37578125 0.12604166666666666 0.1890625 0.2520833333333333
0 0.12109375 0.878125 0.1828125 0.24375
0 0.87890625 0.671875 0.2578125 0.34375