2 0.38359375 0.384375 0.2015625 0.26875
2 0.375 0.9166666666666666 0.25 0.3333333333333333
2 0.878125 0.9083333333333333 0.2375 0.31666666666666665
0 0.8765625 0.63125 0.196875 0.2625
0 0.87734375 0.134375 0.2015625 0.26875
0 0.12734375 0.6635416666666667 0.2453125 0.32708333333333334
0 0.12421875 0.9177083333333333 0.2484375 0.33125
0 0.6296875 0.175 0.259375 0.3458333333333333
0 0.11640625 0.15104166666666666 0.2234375 0.29791666666666666
1 0.3734375 0.6614583333333334 0.246875 0.3229166666666667
0 0.62734375 0.8989583333333333 0.2203125 0.29375
1 0.64609375 0.38125 0.2078125 0.2625