2 0.88125 0.17291666666666666 0.259375 0.3458333333333333
0 0.5953125 0.6208333333333333 0.18125 0.24166666666666667
1 0.87734375 0.91875 0.2515625 0.3375
0 0.125 0.8916666666666667 0.2125 0.2833333333333333
0 0.36953125 0.409375 0.2390625 0.31875
0 0.88046875 0.42604166666666665 0.2609375 0.34791666666666665
2 0.3828125 0.15416666666666667 0.23125 0.30833333333333335
0 0.1234375 0.41458333333333336 0.24375 0.325
0 0.37109375 0.6447916666666667 0.2171875 0.28958333333333336
2 0.8671875 0.6520833333333333 0.228125 0.30416666666666664
2 0.12890625 0.6697916666666667 0.2546875 0.33958333333333335