2 0.36875 0.8979166666666667 0.21875 0.2916666666666667
1 0.6328125 0.4 0.234375 0.3
1 0.3734375 0.6583333333333333 0.24375 0.31666666666666665
0 0.62890625 0.921875 0.2578125 0.34375
0 0.1328125 0.90625 0.234375 0.3125
0 0.88125 0.15625 0.234375 0.3125
0 0.37421875 0.15729166666666666 0.2359375 0.3145833333333333
1 0.87578125 0.6645833333333333 0.2515625 0.32916666666666666
1 0.6109375 0.6197916666666666 0.19375 0.23958333333333334
2 0.87890625 0.421875 0.2546875 0.33958333333333335
2 0.1265625 0.66875 0.253125 0.3375
0 0.63203125 0.17604166666666668 0.2640625 0.35208333333333336
0 0.1265625 0.15833333333333333 0.2375 0.31666666666666665
0 0.3671875 0.4083333333333333 0.234375 0.3125
0 0.8765625 0.90625 0.234375 0.3125
0 0.12421875 0.403125 0.2265625 0.3020833333333333