2 0.8765625 0.41875 0.253125 0.3375
0 0.875 0.9104166666666667 0.240625 0.32083333333333336
0 0.12421875 0.909375 0.2359375 0.3145833333333333
0 0.60859375 0.8947916666666667 0.2171875 0.28958333333333336
1 0.36875 0.390625 0.21875 0.27708333333333335
2 0.128125 0.6708333333333333 0.25625 0.3416666666666667
0 0.871875 0.15833333333333333 0.2375 0.31666666666666665
2 0.1140625 0.15 0.225 0.3
0 0.62734375 0.6614583333333334 0.2421875 0.3229166666666667
0 0.37890625 0.16354166666666667 0.2421875 0.3229166666666667
2 0.36015625 0.8885416666666667 0.2078125 0.27708333333333335
0 0.35625 0.6270833333333333 0.178125 0.2375