1 0.12890625 0.9197916666666667 0.2546875 0.33958333333333335
0 0.625 0.41458333333333336 0.246875 0.32916666666666666
1 0.4125 0.12604166666666666 0.171875 0.24791666666666667
2 0.8625 0.8770833333333333 0.190625 0.25416666666666665
2 0.8859375 0.6416666666666667 0.2125 0.2833333333333333
0 0.12734375 0.16354166666666667 0.2453125 0.32708333333333334
2 0.87734375 0.171875 0.2546875 0.33958333333333335
0 0.37578125 0.41770833333333335 0.2484375 0.33125
1 0.6265625 0.6697916666666667 0.253125 0.33541666666666664
2 0.62890625 0.159375 0.2390625 0.31875
2 0.87578125 0.4197916666666667 0.2515625 0.33541666666666664