2 0.871875 0.15416666666666667 0.228125 0.30416666666666664
0 0.62578125 0.8802083333333334 0.1953125 0.2604166666666667
1 0.125 0.9197916666666667 0.246875 0.33541666666666664
0 0.37109375 0.40520833333333334 0.2328125 0.3104166666666667
2 0.36875 0.1375 0.203125 0.2708333333333333
0 0.3734375 0.9145833333333333 0.24375 0.325
2 0.121875 0.4 0.225 0.3
2 0.61875 0.13958333333333334 0.20625 0.275
0 0.1390625 0.6229166666666667 0.18125 0.24166666666666667
2 0.87578125 0.6677083333333333 0.2515625 0.33541666666666664
1 0.634375 0.653125 0.215625 0.3020833333333333