0 0.87734375 0.16354166666666667 0.2421875 0.3229166666666667
2 0.37734375 0.421875 0.2546875 0.33958333333333335
0 0.625 0.9166666666666666 0.246875 0.32916666666666666
1 0.1375 0.14270833333333333 0.2 0.28125
2 0.1234375 0.41458333333333336 0.246875 0.32916666666666666
1 0.36640625 0.6229166666666667 0.1953125 0.24166666666666667
2 0.6265625 0.41458333333333336 0.246875 0.32916666666666666
2 0.1171875 0.6583333333333333 0.234375 0.3125
0 0.8765625 0.9145833333333333 0.246875 0.32916666666666666
0 0.87421875 0.41770833333333335 0.2484375 0.33125
2 0.88828125 0.6489583333333333 0.2234375 0.29791666666666666
0 0.13125 0.9104166666666667 0.2375 0.31666666666666665
0 0.38984375 0.8989583333333333 0.2203125 0.29375
2 0.37265625 0.16354166666666667 0.2453125 0.32708333333333334