0 0.890625 0.39791666666666664 0.21875 0.2916666666666667
0 0.61171875 0.13229166666666667 0.1953125 0.2604166666666667
1 0.36875 0.4041666666666667 0.2375 0.30833333333333335
0 0.13671875 0.134375 0.1984375 0.26458333333333334
2 0.3625 0.1375 0.203125 0.2708333333333333
0 0.62734375 0.9177083333333333 0.2515625 0.33541666666666664
2 0.13203125 0.903125 0.2296875 0.30625
0 0.865625 0.65 0.221875 0.29583333333333334
0 0.11796875 0.646875 0.2203125 0.29375
2 0.625 0.38958333333333334 0.209375 0.2791666666666667
0 0.38125 0.65 0.225 0.3