0 0.134375 0.6333333333333333 0.196875 0.2625
2 0.13203125 0.4239583333333333 0.2609375 0.34791666666666665
0 0.1265625 0.9166666666666666 0.25 0.3333333333333333
2 0.6484375 0.88125 0.178125 0.2375
0 0.61015625 0.6447916666666667 0.2171875 0.28958333333333336
0 0.88046875 0.6739583333333333 0.2578125 0.34375
1 0.8765625 0.8947916666666667 0.203125 0.28541666666666665
2 0.87421875 0.16145833333333334 0.2390625 0.31875
0 0.12890625 0.16354166666666667 0.2421875 0.3229166666666667
0 0.37890625 0.9197916666666667 0.2546875 0.33958333333333335
1 0.871875 0.403125 0.234375 0.30625