1 0.8765625 0.915625 0.25 0.32708333333333334
2 0.12578125 0.41770833333333335 0.2484375 0.33125
0 0.875 0.16458333333333333 0.246875 0.32916666666666666
0 0.13828125 0.13854166666666667 0.2078125 0.27708333333333335
2 0.86953125 0.6302083333333334 0.1765625 0.23541666666666666
0 0.8765625 0.42083333333333334 0.253125 0.3375
0 0.375 0.9145833333333333 0.246875 0.32916666666666666
0 0.61484375 0.890625 0.2109375 0.28125
0 0.625 0.66875 0.25 0.3333333333333333
2 0.60546875 0.13645833333333332 0.2046875 0.27291666666666664
1 0.3765625 0.6354166666666666 0.1875 0.26666666666666666
2 0.128125 0.6729166666666667 0.25625 0.3416666666666667
0 0.6234375 0.4041666666666667 0.23125 0.30833333333333335
2 0.12578125 0.9135416666666667 0.2421875 0.3229166666666667