2 0.3796875 0.9083333333333333 0.2375 0.31666666666666665
2 0.87578125 0.9135416666666667 0.2421875 0.3229166666666667
2 0.628125 0.41875 0.253125 0.3375
2 0.63671875 0.8885416666666667 0.2078125 0.27708333333333335
0 0.12734375 0.8947916666666667 0.2171875 0.28958333333333336
0 0.36953125 0.15104166666666666 0.2265625 0.3020833333333333
2 0.12890625 0.16979166666666667 0.2546875 0.33958333333333335
0 0.63046875 0.6447916666666667 0.2140625 0.28541666666666665
2 0.8671875 0.65625 0.23125 0.30833333333333335
2 0.87421875 0.165625 0.2453125 0.32708333333333334
0 0.371875 0.41458333333333336 0.24375 0.325
0 0.12734375 0.6697916666666667 0.2515625 0.33541666666666664