2 0.8765625 0.16666666666666666 0.246875 0.32916666666666666
1 0.3703125 0.37604166666666666 0.171875 0.24791666666666667
0 0.13046875 0.421875 0.2578125 0.34375
0 0.3765625 0.6666666666666666 0.25 0.3333333333333333
1 0.8734375 0.9072916666666667 0.24375 0.3145833333333333
1 0.62578125 0.6645833333333333 0.2421875 0.32916666666666666
1 0.125 0.14166666666666666 0.203125 0.2833333333333333
0 0.12421875 0.6677083333333333 0.2484375 0.33125
2 0.8546875 0.6229166666666667 0.18125 0.24166666666666667
0 0.63359375 0.14895833333333333 0.2234375 0.29791666666666666
2 0.63984375 0.8927083333333333 0.2140625 0.28541666666666665
2 0.3765625 0.9166666666666666 0.25 0.3333333333333333
2 0.375 0.16666666666666666 0.25 0.3333333333333333
0 0.13203125 0.9010416666666666 0.2265625 0.3020833333333333