2 0.88203125 0.17604166666666668 0.2609375 0.34791666666666665
1 0.1421875 0.38645833333333335 0.190625 0.27291666666666664
0 0.8765625 0.42083333333333334 0.253125 0.3375
0 0.87578125 0.6677083333333333 0.2484375 0.33125
1 0.8765625 0.909375 0.240625 0.3145833333333333
1 0.37890625 0.171875 0.2546875 0.33958333333333335
2 0.621875 0.36875 0.178125 0.2375
0 0.12890625 0.671875 0.2578125 0.34375
0 0.62578125 0.16770833333333332 0.2484375 0.33125
0 0.38203125 0.6760416666666667 0.2609375 0.34791666666666665
0 0.11640625 0.8739583333333333 0.1859375 0.24791666666666667
0 0.62265625 0.6635416666666667 0.2453125 0.32708333333333334
0 0.375 0.4125 0.24375 0.325
1 0.615625 0.884375 0.1875 0.26875