2 0.878125 0.6416666666666667 0.2125 0.2833333333333333
1 0.8703125 0.9052083333333333 0.2375 0.30625
0 0.37578125 0.6614583333333334 0.2421875 0.3229166666666667
0 0.62421875 0.165625 0.2484375 0.33125
0 0.128125 0.6416666666666667 0.2125 0.2833333333333333
0 0.14453125 0.3802083333333333 0.1921875 0.25625
2 0.128125 0.9145833333333333 0.24375 0.325
1 0.61796875 0.628125 0.1921875 0.23958333333333334
0 0.134375 0.1375 0.203125 0.2708333333333333
1 0.62734375 0.9135416666666667 0.2390625 0.3229166666666667
2 0.3953125 0.8854166666666666 0.203125 0.2708333333333333
2 0.87578125 0.165625 0.2484375 0.33125
0 0.40078125 0.134375 0.1984375 0.26458333333333334