1 0.1265625 0.91875 0.25 0.3375
0 0.3734375 0.8979166666666667 0.21875 0.2916666666666667
0 0.89140625 0.3927083333333333 0.2109375 0.28125
0 0.10546875 0.38229166666666664 0.1953125 0.2604166666666667
0 0.6265625 0.9145833333333333 0.24375 0.325
2 0.6265625 0.6666666666666666 0.25 0.3333333333333333
0 0.88203125 0.15520833333333334 0.2296875 0.30625
2 0.37578125 0.6489583333333333 0.2234375 0.29791666666666666
2 0.13203125 0.17604166666666668 0.2609375 0.34791666666666665
2 0.8625 0.6375 0.20625 0.275
0 0.87109375 0.8947916666666667 0.2171875 0.28958333333333336
2 0.37578125 0.15104166666666666 0.2265625 0.3020833333333333