1 0.621875 0.134375 0.209375 0.26458333333333334
0 0.39140625 0.878125 0.1921875 0.25625
2 0.8859375 0.38958333333333334 0.209375 0.2791666666666667
2 0.64140625 0.3927083333333333 0.2140625 0.28541666666666665
0 0.1234375 0.9166666666666666 0.246875 0.32916666666666666
2 0.12265625 0.665625 0.2453125 0.32708333333333334
2 0.87421875 0.6552083333333333 0.2328125 0.3104166666666667
2 0.63203125 0.9260416666666667 0.2609375 0.34791666666666665
2 0.62578125 0.6677083333333333 0.2515625 0.33541666666666664
0 0.86953125 0.159375 0.2390625 0.31875
2 0.37421875 0.15520833333333334 0.2328125 0.3104166666666667