1 0.3796875 0.653125 0.2375 0.30625
0 0.87421875 0.665625 0.2484375 0.33125
1 0.12890625 0.41770833333333335 0.2546875 0.33541666666666664
0 0.63203125 0.42604166666666665 0.2640625 0.35208333333333336
1 0.88828125 0.396875 0.2078125 0.28958333333333336
0 0.11875 0.13333333333333333 0.196875 0.2625
1 0.61875 0.15625 0.225 0.30833333333333335
0 0.128125 0.6708333333333333 0.25625 0.3416666666666667
1 0.62578125 0.9166666666666666 0.2421875 0.32916666666666666
0 0.37421875 0.9072916666666667 0.2359375 0.3145833333333333
2 0.12734375 0.921875 0.2546875 0.33958333333333335