0 0.878125 0.17083333333333334 0.253125 0.3375
0 0.3828125 0.12708333333333333 0.1875 0.25
0 0.87734375 0.6677083333333333 0.2515625 0.33541666666666664
2 0.12421875 0.41354166666666664 0.2453125 0.32708333333333334
0 0.35859375 0.39479166666666665 0.2171875 0.28958333333333336
2 0.6265625 0.15416666666666667 0.23125 0.30833333333333335
0 0.11640625 0.15520833333333334 0.2328125 0.3104166666666667
0 0.11328125 0.890625 0.2109375 0.28125
0 0.62421875 0.38229166666666664 0.1953125 0.2604166666666667
2 0.62734375 0.9177083333333333 0.2515625 0.33541666666666664
0 0.13046875 0.6739583333333333 0.2578125 0.34375
2 0.87734375 0.9197916666666667 0.2515625 0.33541666666666664
0 0.3953125 0.8875 0.20625 0.275
1 0.6328125 0.653125 0.234375 0.3020833333333333
0 0.3796875 0.6291666666666667 0.190625 0.25416666666666665