2 0.1375 0.6333333333333333 0.2 0.26666666666666666
0 0.3828125 0.38333333333333336 0.2 0.26666666666666666
2 0.865625 0.6354166666666666 0.2 0.26666666666666666
0 0.13203125 0.4239583333333333 0.2609375 0.34791666666666665
2 0.87734375 0.4197916666666667 0.2546875 0.33958333333333335
0 0.37578125 0.659375 0.2359375 0.3145833333333333
2 0.871875 0.8979166666666667 0.21875 0.2916666666666667
0 0.6265625 0.6666666666666666 0.25 0.3333333333333333
1 0.1234375 0.91875 0.246875 0.3333333333333333
0 0.61875 0.40208333333333335 0.228125 0.30416666666666664
1 0.365625 0.8979166666666667 0.228125 0.2916666666666667
0 0.85625 0.13541666666666666 0.203125 0.2708333333333333
0 0.6265625 0.9166666666666666 0.246875 0.32916666666666666