2 0.11953125 0.14270833333333333 0.2109375 0.28125
0 0.88125 0.675 0.259375 0.3458333333333333
0 0.13359375 0.9260416666666667 0.2640625 0.35208333333333336
0 0.6265625 0.41875 0.253125 0.3375
2 0.62421875 0.9072916666666667 0.2328125 0.3104166666666667
0 0.125 0.65 0.225 0.3
0 0.8828125 0.4270833333333333 0.2625 0.35
2 0.87109375 0.909375 0.2390625 0.31875
0 0.62578125 0.15729166666666666 0.2328125 0.3104166666666667
2 0.37734375 0.4197916666666667 0.2546875 0.33958333333333335
0 0.3796875 0.9208333333333333 0.25625 0.3416666666666667
0 0.3734375 0.6604166666666667 0.240625 0.32083333333333336
2 0.37890625 0.17395833333333333 0.2578125 0.34375