1 0.38125 0.14791666666666667 0.225 0.2916666666666667
1 0.1125 0.6270833333333333 0.203125 0.25416666666666665
2 0.3765625 0.6666666666666666 0.246875 0.32916666666666666
0 0.37734375 0.378125 0.1890625 0.2520833333333333
2 0.8703125 0.1625 0.240625 0.32083333333333336
2 0.8921875 0.38958333333333334 0.209375 0.2791666666666667
2 0.1328125 0.9270833333333334 0.2625 0.35
0 0.615625 0.6291666666666667 0.19375 0.25833333333333336
0 0.625 0.9166666666666666 0.25 0.3333333333333333
0 0.88359375 0.6760416666666667 0.2640625 0.35208333333333336
0 0.1265625 0.17083333333333334 0.253125 0.3375