2 0.11015625 0.8760416666666667 0.1828125 0.24375
2 0.62734375 0.16979166666666667 0.2515625 0.33541666666666664
0 0.11015625 0.3927083333333333 0.2140625 0.28541666666666665
0 0.37421875 0.3802083333333333 0.1921875 0.25625
0 0.62734375 0.6677083333333333 0.2515625 0.33541666666666664
0 0.6234375 0.9125 0.24375 0.325
1 0.8828125 0.8958333333333334 0.209375 0.2916666666666667
2 0.8765625 0.14791666666666667 0.21875 0.2916666666666667
0 0.36015625 0.890625 0.2109375 0.28125
0 0.115625 0.6541666666666667 0.23125 0.30833333333333335
2 0.12421875 0.165625 0.2484375 0.33125