2 0.62890625 0.159375 0.2390625 0.31875
2 0.875 0.16458333333333333 0.246875 0.32916666666666666
2 0.8828125 0.925 0.2625 0.35
0 0.625 0.41458333333333336 0.24375 0.325
2 0.38203125 0.42604166666666665 0.2609375 0.34791666666666665
2 0.12578125 0.646875 0.2203125 0.29375
0 0.13359375 0.928125 0.2640625 0.35208333333333336
0 0.8734375 0.4166666666666667 0.246875 0.32916666666666666
1 0.125 0.41875 0.25 0.3333333333333333
0 0.37421875 0.16145833333333334 0.2421875 0.3229166666666667
2 0.38203125 0.6447916666666667 0.2171875 0.28958333333333336
2 0.62421875 0.915625 0.2484375 0.33125
2 0.8796875 0.6729166666666667 0.25625 0.3416666666666667
0 0.128125 0.1625 0.24375 0.325