2 0.875 0.9125 0.24375 0.325
2 0.875 0.16666666666666666 0.25 0.3333333333333333
0 0.353125 0.375 0.175 0.23333333333333334
0 0.87734375 0.6635416666666667 0.2421875 0.3229166666666667
2 0.62421875 0.915625 0.2453125 0.32708333333333334
0 0.12421875 0.6364583333333333 0.2015625 0.26875
0 0.37890625 0.9114583333333334 0.2421875 0.3229166666666667
0 0.62890625 0.16979166666666667 0.2546875 0.33958333333333335
0 0.14140625 0.14270833333333333 0.2109375 0.28125
2 0.87109375 0.41354166666666664 0.2421875 0.3229166666666667
0 0.37421875 0.6510416666666666 0.2234375 0.29791666666666666
0 0.13359375 0.9072916666666667 0.2328125 0.3104166666666667
0 0.62109375 0.4114583333333333 0.2421875 0.3229166666666667
2 0.36484375 0.146875 0.2171875 0.28958333333333336
0 0.63203125 0.6239583333333333 0.1796875 0.23958333333333334