0 0.625 0.9020833333333333 0.228125 0.30416666666666664
0 0.37421875 0.9010416666666666 0.2265625 0.3020833333333333
0 0.62421875 0.165625 0.2484375 0.33125
0 0.1265625 0.6583333333333333 0.2375 0.31666666666666665
2 0.87421875 0.384375 0.2015625 0.26875
2 0.86171875 0.6489583333333333 0.2234375 0.29791666666666666
0 0.40234375 0.621875 0.1828125 0.24375
0 0.1046875 0.12291666666666666 0.178125 0.2375
0 0.13515625 0.3927083333333333 0.2109375 0.28125
2 0.88203125 0.178125 0.2640625 0.35208333333333336
0 0.38046875 0.14270833333333333 0.2140625 0.28541666666666665
2 0.121875 0.9145833333333333 0.24375 0.325
0 0.621875 0.4125 0.24375 0.325