0 0.640625 0.6166666666666667 0.175 0.23333333333333334
2 0.128125 0.42291666666666666 0.25625 0.3416666666666667
1 0.115625 0.634375 0.2125 0.26875
1 0.1265625 0.8739583333333333 0.171875 0.24791666666666667
1 0.128125 0.171875 0.253125 0.33958333333333335
1 0.86171875 0.37604166666666666 0.2015625 0.2520833333333333
0 0.36875 0.8916666666666667 0.2125 0.2833333333333333
0 0.646875 0.8791666666666667 0.18125 0.24166666666666667
0 0.8671875 0.65 0.225 0.3
1 0.63984375 0.13958333333333334 0.2203125 0.2791666666666667
1 0.38125 0.3875 0.215625 0.275