1 0.37265625 0.6604166666666667 0.2453125 0.31666666666666665
0 0.37578125 0.9177083333333333 0.2515625 0.33541666666666664
1 0.87265625 0.4083333333333333 0.2421875 0.3125
2 0.63203125 0.6489583333333333 0.2203125 0.29375
0 0.36875 0.40625 0.234375 0.3125
2 0.62734375 0.16979166666666667 0.2546875 0.33958333333333335
0 0.86640625 0.15520833333333334 0.2328125 0.3104166666666667
2 0.12578125 0.9197916666666667 0.2515625 0.33541666666666664
1 0.11953125 0.159375 0.2328125 0.31875
0 0.89375 0.6354166666666666 0.2 0.26666666666666666
1 0.62421875 0.41770833333333335 0.2484375 0.33541666666666664
0 0.38125 0.17291666666666666 0.259375 0.3458333333333333
2 0.121875 0.41458333333333336 0.24375 0.325
2 0.625 0.9166666666666666 0.246875 0.32916666666666666