0 0.60703125 0.640625 0.2109375 0.28125
0 0.12734375 0.8864583333333333 0.2015625 0.26875
1 0.140625 0.12916666666666668 0.190625 0.24166666666666667
0 0.121875 0.6604166666666667 0.240625 0.32083333333333336
2 0.8765625 0.42083333333333334 0.253125 0.3375
0 0.8734375 0.6625 0.24375 0.325
0 0.12265625 0.41354166666666664 0.2421875 0.3229166666666667
2 0.8765625 0.89375 0.215625 0.2875
2 0.37734375 0.6697916666666667 0.2515625 0.33541666666666664
2 0.3796875 0.15208333333333332 0.228125 0.30416666666666664
2 0.378125 0.9229166666666667 0.25625 0.3416666666666667
0 0.37890625 0.4197916666666667 0.2546875 0.33958333333333335