1 0.87734375 0.16875 0.2515625 0.3333333333333333
2 0.3546875 0.8916666666666667 0.209375 0.2791666666666667
1 0.3921875 0.6354166666666666 0.190625 0.2708333333333333
1 0.62734375 0.9041666666666667 0.2203125 0.30416666666666664
0 0.64453125 0.390625 0.2078125 0.27708333333333335
2 0.1109375 0.1375 0.203125 0.2708333333333333
0 0.63203125 0.6739583333333333 0.2609375 0.34791666666666665
2 0.378125 0.17083333333333334 0.253125 0.3375
2 0.87578125 0.4197916666666667 0.2515625 0.33541666666666664
2 0.1375 0.8791666666666667 0.19375 0.25833333333333336
2 0.64453125 0.13645833333333332 0.2046875 0.27291666666666664
0 0.8765625 0.9166666666666666 0.246875 0.32916666666666666
0 0.12734375 0.421875 0.2546875 0.33958333333333335
0 0.12734375 0.6697916666666667 0.2546875 0.33958333333333335