0 0.628125 0.42083333333333334 0.253125 0.3375
0 0.85859375 0.146875 0.2171875 0.28958333333333336
1 0.125 0.665625 0.246875 0.32708333333333334
0 0.128125 0.16875 0.253125 0.3375
0 0.38125 0.4041666666666667 0.228125 0.30416666666666664
0 0.38515625 0.13854166666666667 0.2078125 0.27708333333333335
0 0.88203125 0.928125 0.2640625 0.35208333333333336
2 0.3875 0.8791666666666667 0.190625 0.25416666666666665
0 0.128125 0.9208333333333333 0.253125 0.3375
0 0.1390625 0.39791666666666664 0.21875 0.2916666666666667
2 0.88203125 0.4239583333333333 0.2609375 0.34791666666666665
0 0.8796875 0.6729166666666667 0.25625 0.3416666666666667
0 0.6234375 0.16458333333333333 0.246875 0.32916666666666666
2 0.596875 0.63125 0.19375 0.25833333333333336
2 0.35625 0.6270833333333333 0.190625 0.25416666666666665