0 0.61171875 0.39479166666666665 0.2140625 0.28541666666666665
0 0.12890625 0.16979166666666667 0.2546875 0.33958333333333335
0 0.1078125 0.3854166666666667 0.203125 0.2708333333333333
0 0.6296875 0.89375 0.215625 0.2875
0 0.60546875 0.13020833333333334 0.1953125 0.2604166666666667
0 0.3703125 0.4083333333333333 0.2375 0.31666666666666665
1 0.375 0.653125 0.234375 0.3020833333333333
0 0.37734375 0.9197916666666667 0.2515625 0.33541666666666664
1 0.13515625 0.6604166666666667 0.2296875 0.31666666666666665
1 0.8828125 0.6625 0.234375 0.32083333333333336
2 0.1234375 0.9041666666666667 0.228125 0.30416666666666664
2 0.865625 0.14375 0.2125 0.2833333333333333
0 0.6328125 0.6541666666666667 0.228125 0.30416666666666664
0 0.3796875 0.15208333333333332 0.225 0.3
2 0.88125 0.4041666666666667 0.23125 0.30833333333333335
0 0.85546875 0.8760416666666667 0.1859375 0.24791666666666667