2 0.86875 0.9041666666666667 0.228125 0.30416666666666664
0 0.3875 0.64375 0.215625 0.2875
0 0.1265625 0.14791666666666667 0.221875 0.29583333333333334
1 0.37421875 0.3802083333333333 0.2046875 0.25625
2 0.36953125 0.9010416666666666 0.2265625 0.3020833333333333
2 0.63671875 0.8927083333333333 0.2140625 0.28541666666666665
0 0.87421875 0.41770833333333335 0.2484375 0.33125
2 0.6265625 0.6666666666666666 0.25 0.3333333333333333
0 0.8796875 0.175 0.259375 0.3458333333333333
2 0.3671875 0.15625 0.234375 0.3125
2 0.8671875 0.6583333333333333 0.234375 0.3125