0 0.8796875 0.4041666666666667 0.228125 0.30416666666666664
2 0.86796875 0.153125 0.2265625 0.3020833333333333
2 0.12734375 0.16354166666666667 0.2453125 0.32708333333333334
0 0.371875 0.4125 0.240625 0.32083333333333336
0 0.3890625 0.8979166666666667 0.221875 0.29583333333333334
1 0.13125 0.6635416666666667 0.2375 0.32708333333333334
2 0.62109375 0.659375 0.2390625 0.31875
0 0.62734375 0.921875 0.2546875 0.33958333333333335
0 0.3765625 0.16666666666666666 0.246875 0.32916666666666666
0 0.90234375 0.878125 0.1890625 0.2520833333333333
0 0.609375 0.3875 0.203125 0.2708333333333333