0 0.13046875 0.171875 0.2578125 0.34375
0 0.40234375 0.378125 0.1921875 0.25625
0 0.375 0.9166666666666666 0.25 0.3333333333333333
2 0.3734375 0.65625 0.23125 0.30833333333333335
0 0.62578125 0.915625 0.2484375 0.33125
2 0.1265625 0.9166666666666666 0.25 0.3333333333333333
1 0.12109375 0.39895833333333336 0.2109375 0.29375
0 0.87734375 0.8864583333333333 0.2046875 0.27291666666666664
2 0.87421875 0.415625 0.2484375 0.33125
1 0.87734375 0.17083333333333334 0.2515625 0.3375
2 0.8515625 0.6291666666666667 0.19375 0.25833333333333336
0 0.62421875 0.396875 0.2203125 0.29375