1 0.62578125 0.9208333333333333 0.2484375 0.3375
0 0.875 0.16666666666666666 0.246875 0.32916666666666666
0 0.38203125 0.9260416666666667 0.2640625 0.35208333333333336
2 0.62421875 0.6635416666666667 0.2421875 0.3229166666666667
0 0.88359375 0.8864583333333333 0.2046875 0.27291666666666664
2 0.125 0.9166666666666666 0.25 0.3333333333333333
0 0.86953125 0.396875 0.2203125 0.29375
0 0.60078125 0.3802083333333333 0.1953125 0.2604166666666667
0 0.39609375 0.13645833333333332 0.2015625 0.26875
0 0.37421875 0.40729166666666666 0.2359375 0.3145833333333333
2 0.15078125 0.128125 0.1921875 0.25625
0 0.36484375 0.653125 0.2296875 0.30625