0 0.88046875 0.9260416666666667 0.2609375 0.34791666666666665
0 0.88671875 0.15104166666666666 0.2265625 0.3020833333333333
2 0.13359375 0.42604166666666665 0.2640625 0.35208333333333336
0 0.86875 0.6583333333333333 0.2375 0.31666666666666665
0 0.64921875 0.38229166666666664 0.1953125 0.2604166666666667
1 0.128125 0.165625 0.24375 0.33125
0 0.62265625 0.653125 0.2296875 0.30625
0 0.38125 0.6458333333333334 0.215625 0.2875
1 0.871875 0.38333333333333336 0.209375 0.26666666666666666
0 0.38984375 0.378125 0.1890625 0.2520833333333333
0 0.3734375 0.9083333333333333 0.2375 0.31666666666666665