2 0.12734375 0.415625 0.2453125 0.32708333333333334
0 0.628125 0.39791666666666664 0.21875 0.2916666666666667
2 0.86015625 0.8822916666666667 0.1984375 0.26458333333333334
0 0.14765625 0.6322916666666667 0.1953125 0.2604166666666667
0 0.63125 0.675 0.259375 0.3458333333333333
0 0.85859375 0.38229166666666664 0.1984375 0.26458333333333334
2 0.1234375 0.8916666666666667 0.209375 0.2791666666666667
1 0.38359375 0.38333333333333336 0.1828125 0.2625
0 0.35625 0.64375 0.2125 0.2833333333333333
2 0.6265625 0.15416666666666667 0.228125 0.30416666666666664
0 0.87265625 0.665625 0.2453125 0.32708333333333334
0 0.40390625 0.878125 0.1890625 0.2520833333333333
2 0.13671875 0.14895833333333333 0.2234375 0.29791666666666666
2 0.6296875 0.925 0.259375 0.3458333333333333
0 0.88046875 0.146875 0.2203125 0.29375