0 0.12265625 0.16145833333333334 0.2421875 0.3229166666666667
0 0.62578125 0.8947916666666667 0.2171875 0.28958333333333336
0 0.87578125 0.6677083333333333 0.2515625 0.33541666666666664
2 0.8703125 0.8833333333333333 0.2 0.26666666666666666
1 0.62734375 0.16875 0.2515625 0.3333333333333333
2 0.12890625 0.6739583333333333 0.2578125 0.34375
0 0.37890625 0.4197916666666667 0.2546875 0.33958333333333335
2 0.3828125 0.6770833333333334 0.2625 0.35
0 0.371875 0.15625 0.234375 0.3125
0 0.88359375 0.17604166666666668 0.2640625 0.35208333333333336
0 0.62734375 0.4197916666666667 0.2515625 0.33541666666666664
1 0.1265625 0.9177083333333333 0.253125 0.33125
2 0.3796875 0.9229166666666667 0.25625 0.3416666666666667
0 0.62421875 0.6677083333333333 0.2484375 0.33125