0 0.8765625 0.6666666666666666 0.246875 0.32916666666666666
0 0.62109375 0.6552083333333333 0.2296875 0.30625
0 0.87578125 0.153125 0.2265625 0.3020833333333333
0 0.6125 0.9 0.225 0.3
2 0.64453125 0.121875 0.1828125 0.24375
2 0.121875 0.4041666666666667 0.228125 0.30416666666666664
0 0.8828125 0.425 0.2625 0.35
1 0.10859375 0.878125 0.1796875 0.2520833333333333
0 0.8640625 0.9041666666666667 0.228125 0.30416666666666664
1 0.128125 0.6697916666666667 0.253125 0.33541666666666664
2 0.37890625 0.921875 0.2546875 0.33958333333333335
0 0.37421875 0.41770833333333335 0.2484375 0.33125