0 0.8546875 0.12916666666666668 0.18125 0.24166666666666667
0 0.87578125 0.415625 0.2484375 0.33125
2 0.125 0.16666666666666666 0.246875 0.32916666666666666
1 0.6234375 0.6614583333333334 0.23125 0.31875
0 0.62734375 0.128125 0.1890625 0.2520833333333333
0 0.87734375 0.9135416666666667 0.2453125 0.32708333333333334
1 0.1171875 0.3927083333333333 0.2 0.28125
0 0.88046875 0.6739583333333333 0.2578125 0.34375
2 0.62421875 0.9114583333333334 0.2421875 0.3229166666666667
2 0.11796875 0.8885416666666667 0.2078125 0.27708333333333335
1 0.375 0.915625 0.246875 0.33125