0 0.63125 0.9041666666666667 0.228125 0.30416666666666664
2 0.62890625 0.671875 0.2546875 0.33958333333333335
0 0.1296875 0.14583333333333334 0.21875 0.2916666666666667
0 0.64453125 0.384375 0.1984375 0.26458333333333334
0 0.6296875 0.175 0.259375 0.3458333333333333
0 0.87578125 0.6552083333333333 0.2328125 0.3104166666666667
0 0.88125 0.4083333333333333 0.234375 0.3125
0 0.878125 0.17083333333333334 0.253125 0.3375
0 0.13359375 0.428125 0.2640625 0.35208333333333336
0 0.13125 0.9270833333333334 0.2625 0.35
0 0.8703125 0.90625 0.234375 0.3125
2 0.3765625 0.41875 0.253125 0.3375
0 0.3765625 0.66875 0.25 0.3333333333333333
0 0.37734375 0.16354166666666667 0.2421875 0.3229166666666667