2 0.61953125 0.6572916666666667 0.2359375 0.3145833333333333
0 0.8765625 0.16458333333333333 0.246875 0.32916666666666666
0 0.35859375 0.896875 0.2171875 0.28958333333333336
1 0.125 0.6677083333333333 0.24375 0.33125
2 0.1421875 0.14583333333333334 0.215625 0.2875
0 0.371875 0.3958333333333333 0.215625 0.2875
1 0.10234375 0.89375 0.2046875 0.2875
1 0.875 0.41875 0.25 0.3375
0 0.38359375 0.6364583333333333 0.2046875 0.27291666666666664
0 0.6140625 0.9 0.221875 0.29583333333333334
0 0.37890625 0.13645833333333332 0.2015625 0.26875
0 0.12109375 0.37395833333333334 0.1859375 0.24791666666666667