2 0.1296875 0.425 0.259375 0.3458333333333333
0 0.87890625 0.9072916666666667 0.2328125 0.3104166666666667
0 0.609375 0.64375 0.215625 0.2875
0 0.13203125 0.6739583333333333 0.2609375 0.34791666666666665
0 0.87734375 0.4114583333333333 0.2421875 0.3229166666666667
2 0.62265625 0.159375 0.2390625 0.31875
0 0.353125 0.13333333333333333 0.196875 0.2625
0 0.8703125 0.15833333333333333 0.2375 0.31666666666666665
2 0.371875 0.40208333333333335 0.228125 0.30416666666666664
2 0.12578125 0.165625 0.2453125 0.32708333333333334
0 0.63515625 0.8927083333333333 0.2140625 0.28541666666666665