0 0.88046875 0.421875 0.2578125 0.34375
0 0.11328125 0.39895833333333336 0.2203125 0.29375
2 0.37734375 0.16979166666666667 0.2515625 0.33541666666666664
0 0.3875 0.375 0.1875 0.25
2 0.38828125 0.8989583333333333 0.2203125 0.29375
1 0.625 0.40520833333333334 0.240625 0.3104166666666667
0 0.12421875 0.665625 0.2453125 0.32708333333333334
0 0.896875 0.12291666666666666 0.184375 0.24583333333333332
0 0.59453125 0.6260416666666667 0.1859375 0.24791666666666667
1 0.88671875 0.6416666666666667 0.1984375 0.2791666666666667
0 0.62109375 0.16145833333333334 0.2390625 0.31875
2 0.36875 0.6354166666666666 0.203125 0.2708333333333333
0 0.12578125 0.9010416666666666 0.2234375 0.29791666666666666