1 0.62890625 0.15625 0.2421875 0.3125
0 0.38359375 0.6760416666666667 0.2640625 0.35208333333333336
0 0.12421875 0.41770833333333335 0.2484375 0.33125
2 0.37421875 0.165625 0.2484375 0.33125
0 0.87734375 0.16770833333333332 0.2515625 0.33541666666666664
0 0.86875 0.8875 0.20625 0.275
2 0.125 0.66875 0.25 0.3333333333333333
1 0.6078125 0.6395833333333333 0.2 0.2791666666666667
2 0.3828125 0.9041666666666667 0.23125 0.30833333333333335
0 0.14375 0.8895833333333333 0.209375 0.2791666666666667
0 0.625 0.9104166666666667 0.240625 0.32083333333333336
1 0.621875 0.41770833333333335 0.24375 0.33125
2 0.878125 0.6583333333333333 0.2375 0.31666666666666665
0 0.3546875 0.38333333333333336 0.2 0.26666666666666666