2 0.12578125 0.8760416666666667 0.1859375 0.24791666666666667
0 0.8765625 0.66875 0.25 0.3333333333333333
2 0.37421875 0.128125 0.1921875 0.25625
0 0.86171875 0.146875 0.2203125 0.29375
0 0.63203125 0.17604166666666668 0.2640625 0.35208333333333336
1 0.87578125 0.8916666666666667 0.2203125 0.2833333333333333
0 0.3734375 0.8770833333333333 0.190625 0.25416666666666665
2 0.12421875 0.41770833333333335 0.2484375 0.33125
0 0.1421875 0.12916666666666668 0.190625 0.25416666666666665
0 0.63828125 0.6510416666666666 0.2234375 0.29791666666666666
2 0.40703125 0.378125 0.1828125 0.24375
2 0.13046875 0.6572916666666667 0.2328125 0.3104166666666667
0 0.396875 0.6375 0.203125 0.2708333333333333