0 0.38046875 0.909375 0.2390625 0.31875
2 0.38125 0.12916666666666668 0.190625 0.25416666666666665
1 0.6 0.128125 0.16875 0.24375
1 0.6265625 0.4114583333333333 0.24375 0.31875
0 0.38125 0.675 0.259375 0.3458333333333333
1 0.8546875 0.8833333333333333 0.1875 0.23333333333333334
0 0.375 0.4166666666666667 0.25 0.3333333333333333
0 0.87734375 0.421875 0.2546875 0.33958333333333335
0 0.86953125 0.14270833333333333 0.2140625 0.28541666666666665
2 0.11484375 0.8864583333333333 0.2046875 0.27291666666666664
2 0.64375 0.8916666666666667 0.2125 0.2833333333333333
0 0.6296875 0.6375 0.203125 0.2708333333333333
0 0.121875 0.6479166666666667 0.21875 0.2916666666666667