2 0.36796875 0.128125 0.1890625 0.2520833333333333
1 0.11953125 0.6489583333333333 0.2328125 0.29791666666666666
1 0.8765625 0.9166666666666666 0.25 0.32916666666666666
0 0.371875 0.6604166666666667 0.240625 0.32083333333333336
0 0.37109375 0.8885416666666667 0.2046875 0.27291666666666664
0 0.8734375 0.4125 0.24375 0.325
1 0.6140625 0.14583333333333334 0.225 0.2875
0 0.1296875 0.13541666666666666 0.2 0.26666666666666666
1 0.60703125 0.63125 0.1828125 0.25833333333333336
0 0.625 0.3854166666666667 0.203125 0.2708333333333333
0 0.60859375 0.8947916666666667 0.2171875 0.28958333333333336
2 0.365625 0.39166666666666666 0.2125 0.2833333333333333