0 0.63046875 0.9239583333333333 0.2609375 0.34791666666666665
0 0.8765625 0.9208333333333333 0.253125 0.3375
0 0.11796875 0.40520833333333334 0.2296875 0.30625
1 0.3734375 0.6458333333333334 0.209375 0.2916666666666667
0 0.88125 0.6770833333333334 0.2625 0.35
0 0.88359375 0.178125 0.2640625 0.35208333333333336
1 0.3703125 0.9010416666666666 0.21875 0.3020833333333333
0 0.62734375 0.415625 0.2453125 0.32708333333333334
0 0.1296875 0.9229166666666667 0.25625 0.3416666666666667
0 0.8640625 0.39375 0.2125 0.2833333333333333
2 0.35390625 0.134375 0.1984375 0.26458333333333334
0 0.12890625 0.671875 0.2578125 0.34375