2 0.378125 0.12291666666666666 0.184375 0.24583333333333332
2 0.12421875 0.6572916666666667 0.2359375 0.3145833333333333
0 0.62734375 0.409375 0.2390625 0.31875
0 0.88359375 0.928125 0.2640625 0.35208333333333336
2 0.39140625 0.38229166666666664 0.1984375 0.26458333333333334
2 0.61484375 0.6489583333333333 0.2234375 0.29791666666666666
2 0.6296875 0.17083333333333334 0.25625 0.3416666666666667
2 0.90703125 0.12395833333333334 0.1859375 0.24791666666666667
0 0.9046875 0.6208333333333333 0.178125 0.2375
0 0.11640625 0.9010416666666666 0.2234375 0.29791666666666666
0 0.62890625 0.921875 0.2546875 0.33958333333333335
2 0.8890625 0.3770833333333333 0.190625 0.25416666666666665
0 0.13359375 0.15520833333333334 0.2296875 0.30625